   9.9791697302230314E-005
   1.0208807364863129E-004
   1.0446015538071586E-004
   1.0690933666384843E-004
   1.0943701663792354E-004
   1.1204455377622079E-004
   1.1473329477459606E-004
   1.1750453219548036E-004
   1.2035952812444853E-004
   1.2329947556468090E-004
   1.2632551658496498E-004
   1.2943870810708043E-004
   1.3264003432117191E-004
   1.3593037777463377E-004
   1.3931052595680187E-004
   1.4278114901439815E-004
   1.4634280066796852E-004
   1.4999590453648536E-004
   1.5374075003536891E-004
   1.5757749033252762E-004
   1.6150613473608238E-004
   1.6552656293228630E-004
   1.6963851678351014E-004
   1.7384163793629406E-004
   1.7813546399337871E-004
   1.8251949975326169E-004
   1.8699322469373743E-004
   1.9155621030303443E-004
   1.9620814351851087E-004
   2.0094899510763125E-004
   2.0577903865127140E-004
   2.1069902040625344E-004
   2.1571002902870805E-004
   2.2081336040823992E-004
   2.2600954950266987E-004
   2.3129650327810992E-004
   2.3666466444573938E-004
   2.4208713680848288E-004
   2.4749796295702782E-004
   2.5274820550271170E-004
   2.5751912334426747E-004
   2.6117383684993030E-004
   2.6257764636579254E-004
   2.6012229747553856E-004
   2.5242618948938944E-004
   2.3959203521652599E-004
   2.2348753041416612E-004
   2.0644916929334867E-004
   1.9009689667132723E-004
   1.7517817582313934E-004
   1.6188840166250407E-004
   1.5016457059462718E-004
   1.3984952880260695E-004
   1.3076681106109561E-004
   1.2275034176100605E-004
   1.1565379991499600E-004
   1.0935194852307821E-004
   1.0373869997856154E-004
   9.8724589096650948E-005
   9.4233994315591374E-005
   9.0202927773486090E-005
   8.6576923707068902E-005
   8.3309542869137201E-005
   8.0360905836928792E-005
   7.7696740299706529E-005
   7.5287362544418233E-005
   7.3107082662938130E-005
   7.1133478643425525E-005
   6.9347031431784000E-005
   6.7730589732882134E-005
   6.6269153512557021E-005
   6.4949465185130397E-005
   6.3759890368202314E-005
   6.2690094709810047E-005
   6.1730989373320202E-005
   6.0874467280881700E-005
   6.0113392297473368E-005
   5.9441377663973535E-005
   5.8852805001584548E-005
   5.8342633369916476E-005
   5.7906438748773895E-005
   5.7540245797888893E-005
   5.7240581411939319E-005
   5.7004323653335535E-005
   5.6828764920666811E-005
   5.6711474134416536E-005
   5.6650366370007304E-005
   5.6643575478863239E-005
   5.6689527938189976E-005
   5.6786823861771333E-005
   5.6934313450246425E-005
   5.7130984898651693E-005
   5.7376042282496461E-005
   5.7668799272897756E-005
   5.8008757621606568E-005
   5.8395505894108525E-005
   5.8828797956170107E-005
   5.9308456158190304E-005
   5.9834449398528194E-005
   6.0406800355712664E-005
   6.1025662823069955E-005
   6.1691232699832496E-005
   6.2403824366122422E-005
   6.3163785217332092E-005
   6.3971570885519618E-005
   6.4827663141163124E-005
   6.5732643774289167E-005
   6.6687115702595393E-005
   6.7691775312428746E-005
   6.8747336612438455E-005
   6.9854601810985661E-005
   7.1014388350216780E-005
   7.2227597471974752E-005
   7.3495143967198555E-005
   7.4818022463821792E-005
   7.6197239736265076E-005
   7.7633878439737936E-005
   7.9129031846354771E-005
   8.0683864750252132E-005
   8.2299550529894857E-005
   8.3977328954984819E-005
   8.5718445514835440E-005
   8.7524205867088389E-005
   8.9395917417998348E-005
   9.1334940159805100E-005
   9.3342630535267894E-005
   9.5420388413507701E-005
   9.7569603320990959E-005
   9.9791697302230314E-005
   1.0208807364863129E-004
   1.0446015538071586E-004
   1.0690933666384843E-004
   1.0943701663792354E-004
   1.1204455377622079E-004
   1.1473329477459606E-004
   1.1750453219548036E-004
   1.2035952812444853E-004
   1.2329947556468090E-004
   1.2632551658496498E-004
   1.2943870810708043E-004
   1.3264003432117191E-004
   1.3593037777463377E-004
   1.3931052595680187E-004
   1.4278114901439815E-004
   1.4634280066796852E-004
   1.4999590453648536E-004
   1.5374075003536891E-004
   1.5757749033252762E-004
   1.6150613473608238E-004
   1.6552656293228630E-004
   1.6963851678351014E-004
   1.7384163793629406E-004
   1.7813546399337871E-004
   1.8251949975326169E-004
   1.8699322469373743E-004
   1.9155621030303443E-004
   1.9620814351851087E-004
   2.0094899510763125E-004
   2.0577903865127140E-004
   2.1069902040625344E-004
   2.1571002902870805E-004
   2.2081336040823992E-004
   2.2600954950266987E-004
   2.3129650327810992E-004
   2.3666466444573938E-004
   2.4208713680848288E-004
   2.4749796295702782E-004
   2.5274820550271170E-004
   2.5751912334426747E-004
   2.6117383684993030E-004
   2.6257764636579254E-004
   2.6012229747553856E-004
   2.5242618948938944E-004
   2.3959203521652599E-004
   2.2348753041416612E-004
   2.0644916929334867E-004
   1.9009689667132723E-004
   1.7517817582313934E-004
   1.6188840166250407E-004
   1.5016457059462718E-004
   1.3984952880260695E-004
   1.3076681106109561E-004
   1.2275034176100605E-004
   1.1565379991499600E-004
   1.0935194852307821E-004
   1.0373869997856154E-004
   9.8724589096650948E-005
   9.4233994315591374E-005
   9.0202927773486090E-005
   8.6576923707068902E-005
   8.3309542869137201E-005
   8.0360905836928792E-005
   7.7696740299706529E-005
   7.5287362544418233E-005
   7.3107082662938130E-005
   7.1133478643425525E-005
   6.9347031431784000E-005
   6.7730589732882134E-005
   6.6269153512557021E-005
   6.4949465185130397E-005
   6.3759890368202314E-005
   6.2690094709810047E-005
   6.1730989373320202E-005
   6.0874467280881700E-005
   6.0113392297473368E-005
   5.9441377663973535E-005
   5.8852805001584548E-005
   5.8342633369916476E-005
   5.7906438748773895E-005
   5.7540245797888893E-005
   5.7240581411939319E-005
   5.7004323653335535E-005
   5.6828764920666811E-005
   5.6711474134416536E-005
   5.6650366370007304E-005
   5.6643575478863239E-005
   5.6689527938189976E-005
   5.6786823861771333E-005
   5.6934313450246425E-005
   5.7130984898651693E-005
   5.7376042282496461E-005
   5.7668799272897756E-005
   5.8008757621606568E-005
   5.8395505894108525E-005
   5.8828797956170107E-005
   5.9308456158190304E-005
   5.9834449398528194E-005
   6.0406800355712664E-005
   6.1025662823069955E-005
   6.1691232699832496E-005
   6.2403824366122422E-005
   6.3163785217332092E-005
   6.3971570885519618E-005
   6.4827663141163124E-005
   6.5732643774289167E-005
   6.6687115702595393E-005
   6.7691775312428746E-005
   6.8747336612438455E-005
   6.9854601810985661E-005
   7.1014388350216780E-005
   7.2227597471974752E-005
   7.3495143967198555E-005
   7.4818022463821792E-005
   7.6197239736265076E-005
   7.7633878439737936E-005
   7.9129031846354771E-005
   8.0683864750252132E-005
   8.2299550529894857E-005
   8.3977328954984819E-005
   8.5718445514835440E-005
   8.7524205867088389E-005
   8.9395917417998348E-005
   9.1334940159805100E-005
   9.3342630535267894E-005
   9.5420388413507701E-005
   9.7569603320990959E-005
