   6.3007131268495997E-002
   6.4154877740685637E-002
   6.5377314152946869E-002
   6.6649167975798077E-002
   6.8009971389937945E-002
   6.9434099025040719E-002
   7.0964285257492946E-002
   7.2574728734208879E-002
   7.4312049317570586E-002
   7.6150541856521689E-002
   7.8141588320290598E-002
   8.0259989713471758E-002
   8.2563029941829305E-002
   8.5026623516606489E-002
   8.7715455524477334E-002
   9.0607441153698454E-002
   9.3776655010763127E-002
   9.7204287179575855E-002
  0.10097644300312932     
  0.10507936867170438     
  0.10961466925944850     
  0.11457600555604106     
  0.12008485486022381     
  0.12614502982199369     
  0.13290275055589218     
  0.14037391418658279     
  0.14873271416363554     
  0.15800379872612155     
  0.16838296640065847     
  0.17987974872343546     
  0.19266804412796676     
  0.20664595918912138     
  0.22178907380037055     
  0.23753304540284689     
  0.25299990606012196     
  0.26588652960723219     
  0.27202871923270699     
  0.26266699047257280     
  0.22144002968613286     
  0.11700899924388149     
 -0.10413793099493743     
 -0.51816508071845624     
  -1.1739528529931063     
  -1.9502555975610836     
  -2.4558204798448915     
  -2.3636087837332043     
  -1.8229263989996085     
  -1.2050887433376773     
 -0.71570266252524539     
 -0.38411079304609891     
 -0.17457546439962257     
  -4.6572589719020695E-002
   3.0050219690004053E-002
   7.4655922438047778E-002
   9.9382938149527311E-002
  0.11173792366245365     
  0.11636399072232977     
  0.11618194047879275     
  0.11296818772628668     
  0.10794872915727836     
  0.10183812587489841     
   9.5188090871501360E-002
   8.8267493662218949E-002
   8.1330861682773953E-002
   7.4464999008379482E-002
   6.7800851551521837E-002
   6.1351196241322965E-002
   5.5187623802965761E-002
   4.9287360833283701E-002
   4.3691008417806494E-002
   3.8361221443388049E-002
   3.3324912290606017E-002
   2.8541122618414114E-002
   2.4030607884294959E-002
   1.9752092303349959E-002
   1.5722686772094256E-002
   1.1901888208829557E-002
   8.3049101482463063E-003
   4.8930483918388822E-003
   1.6810240571177111E-003
  -1.3675878276561556E-003
  -4.2379939410650642E-003
  -6.9645400739542585E-003
  -9.5323178986926414E-003
  -1.1973949733553219E-002
  -1.4274369225300105E-002
  -1.6464671978618298E-002
  -1.8529493699962075E-002
  -2.0498531475064800E-002
  -2.2356036429154378E-002
  -2.4130503738192751E-002
  -2.5805817798585401E-002
  -2.7409513519229080E-002
  -2.8925148154468030E-002
  -3.0379497058855506E-002
  -3.1755786738896112E-002
  -3.3080175664757093E-002
  -3.4335530681308471E-002
  -3.5547522158774152E-002
  -3.6698644142075118E-002
  -3.7814221559205295E-002
  -3.8876379386126363E-002
  -3.9910238340984380E-002
  -4.0897549644178584E-002
  -4.1863351027468000E-002
  -4.2788998153148260E-002
  -4.3699554861668752E-002
  -4.4575957472317670E-002
  -4.5443410113167028E-002
  -4.6282412732032367E-002
  -4.7118431014561257E-002
  -4.7931510963146018E-002
  -4.8747500267495171E-002
  -4.9545966554575237E-002
  -5.0353261310746703E-002
  -5.1148448220858074E-002
  -5.1958515567017249E-002
  -5.2762002059513903E-002
  -5.3586680133202176E-002
  -5.4410543996280682E-002
  -5.5262311451792182E-002
  -5.6119414036483191E-002
  -5.7011696548340852E-002
  -5.7916016385344743E-002
  -5.8863555911346149E-002
  -5.9830597590121326E-002
  -6.0849907272111869E-002
  -6.1897204765816671E-002
  -6.3007131268495997E-002
  -6.4154877740685637E-002
  -6.5377314152946869E-002
  -6.6649167975798077E-002
  -6.8009971389937945E-002
  -6.9434099025040719E-002
  -7.0964285257492946E-002
  -7.2574728734208879E-002
  -7.4312049317570586E-002
  -7.6150541856521689E-002
  -7.8141588320290598E-002
  -8.0259989713471758E-002
  -8.2563029941829305E-002
  -8.5026623516606489E-002
  -8.7715455524477334E-002
  -9.0607441153698454E-002
  -9.3776655010763127E-002
  -9.7204287179575855E-002
 -0.10097644300312932     
 -0.10507936867170438     
 -0.10961466925944850     
 -0.11457600555604106     
 -0.12008485486022381     
 -0.12614502982199369     
 -0.13290275055589218     
 -0.14037391418658279     
 -0.14873271416363554     
 -0.15800379872612155     
 -0.16838296640065847     
 -0.17987974872343546     
 -0.19266804412796676     
 -0.20664595918912138     
 -0.22178907380037055     
 -0.23753304540284689     
 -0.25299990606012196     
 -0.26588652960723219     
 -0.27202871923270699     
 -0.26266699047257280     
 -0.22144002968613286     
 -0.11700899924388149     
  0.10413793099493743     
  0.51816508071845624     
   1.1739528529931063     
   1.9502555975610836     
   2.4558204798448915     
   2.3636087837332043     
   1.8229263989996085     
   1.2050887433376773     
  0.71570266252524539     
  0.38411079304609891     
  0.17457546439962257     
   4.6572589719020695E-002
  -3.0050219690004053E-002
  -7.4655922438047778E-002
  -9.9382938149527311E-002
 -0.11173792366245365     
 -0.11636399072232977     
 -0.11618194047879275     
 -0.11296818772628668     
 -0.10794872915727836     
 -0.10183812587489841     
  -9.5188090871501360E-002
  -8.8267493662218949E-002
  -8.1330861682773953E-002
  -7.4464999008379482E-002
  -6.7800851551521837E-002
  -6.1351196241322965E-002
  -5.5187623802965761E-002
  -4.9287360833283701E-002
  -4.3691008417806494E-002
  -3.8361221443388049E-002
  -3.3324912290606017E-002
  -2.8541122618414114E-002
  -2.4030607884294959E-002
  -1.9752092303349959E-002
  -1.5722686772094256E-002
  -1.1901888208829557E-002
  -8.3049101482463063E-003
  -4.8930483918388822E-003
  -1.6810240571177111E-003
   1.3675878276561556E-003
   4.2379939410650642E-003
   6.9645400739542585E-003
   9.5323178986926414E-003
   1.1973949733553219E-002
   1.4274369225300105E-002
   1.6464671978618298E-002
   1.8529493699962075E-002
   2.0498531475064800E-002
   2.2356036429154378E-002
   2.4130503738192751E-002
   2.5805817798585401E-002
   2.7409513519229080E-002
   2.8925148154468030E-002
   3.0379497058855506E-002
   3.1755786738896112E-002
   3.3080175664757093E-002
   3.4335530681308471E-002
   3.5547522158774152E-002
   3.6698644142075118E-002
   3.7814221559205295E-002
   3.8876379386126363E-002
   3.9910238340984380E-002
   4.0897549644178584E-002
   4.1863351027468000E-002
   4.2788998153148260E-002
   4.3699554861668752E-002
   4.4575957472317670E-002
   4.5443410113167028E-002
   4.6282412732032367E-002
   4.7118431014561257E-002
   4.7931510963146018E-002
   4.8747500267495171E-002
   4.9545966554575237E-002
   5.0353261310746703E-002
   5.1148448220858074E-002
   5.1958515567017249E-002
   5.2762002059513903E-002
   5.3586680133202176E-002
   5.4410543996280682E-002
   5.5262311451792182E-002
   5.6119414036483191E-002
   5.7011696548340852E-002
   5.7916016385344743E-002
   5.8863555911346149E-002
   5.9830597590121326E-002
   6.0849907272111869E-002
   6.1897204765816671E-002
