   7.4968624076209348E-004
   7.5749822013247996E-004
   7.6472691055322979E-004
   7.7140918917731544E-004
   7.7758093545545837E-004
   7.8327695733935868E-004
   7.8853071533786594E-004
   7.9337432122984189E-004
   7.9783831016044923E-004
   8.0195166437646288E-004
   8.0574169448971282E-004
   8.0923404255011549E-004
   8.1245267572518042E-004
   8.1541983969541970E-004
   8.1815612220434951E-004
   8.2068038698749550E-004
   8.2300985089936950E-004
   8.2516006142496746E-004
   8.2714493242534780E-004
   8.2897680393453660E-004
   8.3066640688630588E-004
   8.3222299351940799E-004
   8.3365424857684387E-004
   8.3496644080417390E-004
   8.3616433704174664E-004
   8.3725131820038586E-004
   8.3822935443641350E-004
   8.3909905154907452E-004
   8.3985970841321111E-004
   8.4050929814681900E-004
   8.4104457912436326E-004
   8.4146104891795416E-004
   8.4175305149122848E-004
   8.4191375203851036E-004
   8.4193519239999354E-004
   8.4180831713146637E-004
   8.4152296643843962E-004
   8.4106795655877710E-004
   8.4043104025146968E-004
   8.3959903038955752E-004
   8.3855776968413975E-004
   8.3729226665419537E-004
   8.3578666935056199E-004
   8.3402435870960320E-004
   8.3198791772513120E-004
   8.2965922540009188E-004
   8.2701950001511700E-004
   8.2404941193601837E-004
   8.2072907721636988E-004
   8.1703810397346327E-004
   8.1295569088518551E-004
   8.0846081572035476E-004
   8.0353215974130062E-004
   7.9814807255601311E-004
   7.9228681984015834E-004
   7.8592672492785553E-004
   7.7904588466159161E-004
   7.7162267463577511E-004
   7.6363563251689241E-004
   7.5506340373779313E-004
   7.4588511924608008E-004
   7.3608012997335506E-004
   7.2562841715116775E-004
   7.1451045002221525E-004
   7.0270744708756392E-004
   6.9020132823520701E-004
   6.7697491584432529E-004
   6.6301197527425136E-004
   6.4829740755402757E-004
   6.3281731155496361E-004
   6.1655916009762442E-004
   5.9951189976096728E-004
   5.8166615804729682E-004
   5.6301437299432014E-004
   5.4355100446431019E-004
   5.2327268956067275E-004
   5.0217848551602565E-004
   4.8027005361219800E-004
   4.5755191344727675E-004
   4.3403164564659200E-004
   4.0972016322884914E-004
   3.8463192235332612E-004
   3.5878518922310000E-004
   3.3220224254848832E-004
   3.0490961966770101E-004
   2.7693828326817829E-004
   2.4832381755419405E-004
   2.1910652921823250E-004
   1.8933155972276881E-004
   1.5904888355890246E-004
   1.2831330072534162E-004
   9.7184295887244566E-005
   6.5725877214970962E-005
   3.4006266392380566E-005
   2.0975601429680770E-006
  -2.9924765090805509E-005
  -6.1982374728676912E-005
  -9.3994751237443748E-005
  -1.2587988023154490E-004
  -1.5755507329837521E-004
  -1.8893777275415724E-004
  -2.1994646284103381E-004
  -2.5050152278847574E-004
  -2.8052614614998520E-004
  -3.0994715637342943E-004
  -3.3869584514725971E-004
  -3.6670866353978918E-004
  -3.9392789592916736E-004
  -4.2030215621837331E-004
  -4.4578683196988956E-004
  -4.7034434643151882E-004
  -4.9394433775202607E-004
  -5.1656367828134921E-004
  -5.3818639604324200E-004
  -5.5880347228936655E-004
  -5.7841253266846461E-004
  -5.9701749062582115E-004
  -6.1462804692008293E-004
  -6.3125923646348357E-004
  -6.4693081820059169E-004
  -6.6166679116254183E-004
  -6.7549470749426197E-004
  -6.8844521919191450E-004
  -7.0055140655848533E-004
  -7.1184836946153423E-004
  -7.2237259083248449E-004
  -7.3216158490857551E-004
  -7.4125338624059017E-004
  -7.4968624076209348E-004
  -7.5749822013247996E-004
  -7.6472691055322979E-004
  -7.7140918917731544E-004
  -7.7758093545545837E-004
  -7.8327695733935868E-004
  -7.8853071533786594E-004
  -7.9337432122984189E-004
  -7.9783831016044923E-004
  -8.0195166437646288E-004
  -8.0574169448971282E-004
  -8.0923404255011549E-004
  -8.1245267572518042E-004
  -8.1541983969541970E-004
  -8.1815612220434951E-004
  -8.2068038698749550E-004
  -8.2300985089936950E-004
  -8.2516006142496746E-004
  -8.2714493242534780E-004
  -8.2897680393453660E-004
  -8.3066640688630588E-004
  -8.3222299351940799E-004
  -8.3365424857684387E-004
  -8.3496644080417390E-004
  -8.3616433704174664E-004
  -8.3725131820038586E-004
  -8.3822935443641350E-004
  -8.3909905154907452E-004
  -8.3985970841321111E-004
  -8.4050929814681900E-004
  -8.4104457912436326E-004
  -8.4146104891795416E-004
  -8.4175305149122848E-004
  -8.4191375203851036E-004
  -8.4193519239999354E-004
  -8.4180831713146637E-004
  -8.4152296643843962E-004
  -8.4106795655877710E-004
  -8.4043104025146968E-004
  -8.3959903038955752E-004
  -8.3855776968413975E-004
  -8.3729226665419537E-004
  -8.3578666935056199E-004
  -8.3402435870960320E-004
  -8.3198791772513120E-004
  -8.2965922540009188E-004
  -8.2701950001511700E-004
  -8.2404941193601837E-004
  -8.2072907721636988E-004
  -8.1703810397346327E-004
  -8.1295569088518551E-004
  -8.0846081572035476E-004
  -8.0353215974130062E-004
  -7.9814807255601311E-004
  -7.9228681984015834E-004
  -7.8592672492785553E-004
  -7.7904588466159161E-004
  -7.7162267463577511E-004
  -7.6363563251689241E-004
  -7.5506340373779313E-004
  -7.4588511924608008E-004
  -7.3608012997335506E-004
  -7.2562841715116775E-004
  -7.1451045002221525E-004
  -7.0270744708756392E-004
  -6.9020132823520701E-004
  -6.7697491584432529E-004
  -6.6301197527425136E-004
  -6.4829740755402757E-004
  -6.3281731155496361E-004
  -6.1655916009762442E-004
  -5.9951189976096728E-004
  -5.8166615804729682E-004
  -5.6301437299432014E-004
  -5.4355100446431019E-004
  -5.2327268956067275E-004
  -5.0217848551602565E-004
  -4.8027005361219800E-004
  -4.5755191344727675E-004
  -4.3403164564659200E-004
  -4.0972016322884914E-004
  -3.8463192235332612E-004
  -3.5878518922310000E-004
  -3.3220224254848832E-004
  -3.0490961966770101E-004
  -2.7693828326817829E-004
  -2.4832381755419405E-004
  -2.1910652921823250E-004
  -1.8933155972276881E-004
  -1.5904888355890246E-004
  -1.2831330072534162E-004
  -9.7184295887244566E-005
  -6.5725877214970962E-005
  -3.4006266392380566E-005
  -2.0975601429680770E-006
   2.9924765090805509E-005
   6.1982374728676912E-005
   9.3994751237443748E-005
   1.2587988023154490E-004
   1.5755507329837521E-004
   1.8893777275415724E-004
   2.1994646284103381E-004
   2.5050152278847574E-004
   2.8052614614998520E-004
   3.0994715637342943E-004
   3.3869584514725971E-004
   3.6670866353978918E-004
   3.9392789592916736E-004
   4.2030215621837331E-004
   4.4578683196988956E-004
   4.7034434643151882E-004
   4.9394433775202607E-004
   5.1656367828134921E-004
   5.3818639604324200E-004
   5.5880347228936655E-004
   5.7841253266846461E-004
   5.9701749062582115E-004
   6.1462804692008293E-004
   6.3125923646348357E-004
   6.4693081820059169E-004
   6.6166679116254183E-004
   6.7549470749426197E-004
   6.8844521919191450E-004
   7.0055140655848533E-004
   7.1184836946153423E-004
   7.2237259083248449E-004
   7.3216158490857551E-004
   7.4125338624059017E-004
