   9.9791697302230309E-002
  0.10208807364863129     
  0.10446015538071586     
  0.10690933666384843     
  0.10943701663792355     
  0.11204455377622079     
  0.11473329477459607     
  0.11750453219548035     
  0.12035952812444853     
  0.12329947556468090     
  0.12632551658496499     
  0.12943870810708044     
  0.13264003432117191     
  0.13593037777463376     
  0.13931052595680185     
  0.14278114901439815     
  0.14634280066796851     
  0.14999590453648537     
  0.15374075003536891     
  0.15757749033252760     
  0.16150613473608239     
  0.16552656293228629     
  0.16963851678351013     
  0.17384163793629406     
  0.17813546399337871     
  0.18251949975326168     
  0.18699322469373741     
  0.19155621030303444     
  0.19620814351851087     
  0.20094899510763126     
  0.20577903865127140     
  0.21069902040625343     
  0.21571002902870803     
  0.22081336040823990     
  0.22600954950266985     
  0.23129650327810991     
  0.23666466444573939     
  0.24208713680848287     
  0.24749796295702781     
  0.25274820550271171     
  0.25751912334426746     
  0.26117383684993029     
  0.26257764636579256     
  0.26012229747553856     
  0.25242618948938944     
  0.23959203521652597     
  0.22348753041416611     
  0.20644916929334867     
  0.19009689667132723     
  0.17517817582313933     
  0.16188840166250407     
  0.15016457059462718     
  0.13984952880260695     
  0.13076681106109561     
  0.12275034176100605     
  0.11565379991499600     
  0.10935194852307821     
  0.10373869997856154     
   9.8724589096650953E-002
   9.4233994315591374E-002
   9.0202927773486083E-002
   8.6576923707068904E-002
   8.3309542869137193E-002
   8.0360905836928787E-002
   7.7696740299706524E-002
   7.5287362544418229E-002
   7.3107082662938125E-002
   7.1133478643425521E-002
   6.9347031431784001E-002
   6.7730589732882138E-002
   6.6269153512557022E-002
   6.4949465185130395E-002
   6.3759890368202315E-002
   6.2690094709810046E-002
   6.1730989373320201E-002
   6.0874467280881701E-002
   6.0113392297473367E-002
   5.9441377663973533E-002
   5.8852805001584546E-002
   5.8342633369916477E-002
   5.7906438748773895E-002
   5.7540245797888891E-002
   5.7240581411939315E-002
   5.7004323653335534E-002
   5.6828764920666811E-002
   5.6711474134416531E-002
   5.6650366370007303E-002
   5.6643575478863235E-002
   5.6689527938189974E-002
   5.6786823861771335E-002
   5.6934313450246424E-002
   5.7130984898651690E-002
   5.7376042282496459E-002
   5.7668799272897753E-002
   5.8008757621606566E-002
   5.8395505894108524E-002
   5.8828797956170104E-002
   5.9308456158190304E-002
   5.9834449398528194E-002
   6.0406800355712664E-002
   6.1025662823069954E-002
   6.1691232699832496E-002
   6.2403824366122421E-002
   6.3163785217332097E-002
   6.3971570885519621E-002
   6.4827663141163117E-002
   6.5732643774289168E-002
   6.6687115702595390E-002
   6.7691775312428745E-002
   6.8747336612438453E-002
   6.9854601810985656E-002
   7.1014388350216784E-002
   7.2227597471974755E-002
   7.3495143967198556E-002
   7.4818022463821784E-002
   7.6197239736265077E-002
   7.7633878439737930E-002
   7.9129031846354766E-002
   8.0683864750252132E-002
   8.2299550529894849E-002
   8.3977328954984817E-002
   8.5718445514835442E-002
   8.7524205867088381E-002
   8.9395917417998350E-002
   9.1334940159805103E-002
   9.3342630535267895E-002
   9.5420388413507695E-002
   9.7569603320990961E-002
   9.9791697302230309E-002
  0.10208807364863129     
  0.10446015538071586     
  0.10690933666384843     
  0.10943701663792355     
  0.11204455377622079     
  0.11473329477459607     
  0.11750453219548035     
  0.12035952812444853     
  0.12329947556468090     
  0.12632551658496499     
  0.12943870810708044     
  0.13264003432117191     
  0.13593037777463376     
  0.13931052595680185     
  0.14278114901439815     
  0.14634280066796851     
  0.14999590453648537     
  0.15374075003536891     
  0.15757749033252760     
  0.16150613473608239     
  0.16552656293228629     
  0.16963851678351013     
  0.17384163793629406     
  0.17813546399337871     
  0.18251949975326168     
  0.18699322469373741     
  0.19155621030303444     
  0.19620814351851087     
  0.20094899510763126     
  0.20577903865127140     
  0.21069902040625343     
  0.21571002902870803     
  0.22081336040823990     
  0.22600954950266985     
  0.23129650327810991     
  0.23666466444573939     
  0.24208713680848287     
  0.24749796295702781     
  0.25274820550271171     
  0.25751912334426746     
  0.26117383684993029     
  0.26257764636579256     
  0.26012229747553856     
  0.25242618948938944     
  0.23959203521652597     
  0.22348753041416611     
  0.20644916929334867     
  0.19009689667132723     
  0.17517817582313933     
  0.16188840166250407     
  0.15016457059462718     
  0.13984952880260695     
  0.13076681106109561     
  0.12275034176100605     
  0.11565379991499600     
  0.10935194852307821     
  0.10373869997856154     
   9.8724589096650953E-002
   9.4233994315591374E-002
   9.0202927773486083E-002
   8.6576923707068904E-002
   8.3309542869137193E-002
   8.0360905836928787E-002
   7.7696740299706524E-002
   7.5287362544418229E-002
   7.3107082662938125E-002
   7.1133478643425521E-002
   6.9347031431784001E-002
   6.7730589732882138E-002
   6.6269153512557022E-002
   6.4949465185130395E-002
   6.3759890368202315E-002
   6.2690094709810046E-002
   6.1730989373320201E-002
   6.0874467280881701E-002
   6.0113392297473367E-002
   5.9441377663973533E-002
   5.8852805001584546E-002
   5.8342633369916477E-002
   5.7906438748773895E-002
   5.7540245797888891E-002
   5.7240581411939315E-002
   5.7004323653335534E-002
   5.6828764920666811E-002
   5.6711474134416531E-002
   5.6650366370007303E-002
   5.6643575478863235E-002
   5.6689527938189974E-002
   5.6786823861771335E-002
   5.6934313450246424E-002
   5.7130984898651690E-002
   5.7376042282496459E-002
   5.7668799272897753E-002
   5.8008757621606566E-002
   5.8395505894108524E-002
   5.8828797956170104E-002
   5.9308456158190304E-002
   5.9834449398528194E-002
   6.0406800355712664E-002
   6.1025662823069954E-002
   6.1691232699832496E-002
   6.2403824366122421E-002
   6.3163785217332097E-002
   6.3971570885519621E-002
   6.4827663141163117E-002
   6.5732643774289168E-002
   6.6687115702595390E-002
   6.7691775312428745E-002
   6.8747336612438453E-002
   6.9854601810985656E-002
   7.1014388350216784E-002
   7.2227597471974755E-002
   7.3495143967198556E-002
   7.4818022463821784E-002
   7.6197239736265077E-002
   7.7633878439737930E-002
   7.9129031846354766E-002
   8.0683864750252132E-002
   8.2299550529894849E-002
   8.3977328954984817E-002
   8.5718445514835442E-002
   8.7524205867088381E-002
   8.9395917417998350E-002
   9.1334940159805103E-002
   9.3342630535267895E-002
   9.5420388413507695E-002
   9.7569603320990961E-002
