   63.007131268495989     
   64.154877740685635     
   65.377314152946866     
   66.649167975798079     
   68.009971389937945     
   69.434099025040723     
   70.964285257492946     
   72.574728734208875     
   74.312049317570583     
   76.150541856521684     
   78.141588320290595     
   80.259989713471754     
   82.563029941829299     
   85.026623516606492     
   87.715455524477335     
   90.607441153698446     
   93.776655010763122     
   97.204287179575857     
   100.97644300312932     
   105.07936867170437     
   109.61466925944850     
   114.57600555604105     
   120.08485486022381     
   126.14502982199367     
   132.90275055589217     
   140.37391418658279     
   148.73271416363553     
   158.00379872612154     
   168.38296640065846     
   179.87974872343545     
   192.66804412796677     
   206.64595918912138     
   221.78907380037055     
   237.53304540284688     
   252.99990606012193     
   265.88652960723221     
   272.02871923270698     
   262.66699047257282     
   221.44002968613285     
   117.00899924388149     
  -104.13793099493742     
  -518.16508071845624     
  -1173.9528529931063     
  -1950.2555975610835     
  -2455.8204798448915     
  -2363.6087837332043     
  -1822.9263989996084     
  -1205.0887433376772     
  -715.70266252524539     
  -384.11079304609888     
  -174.57546439962258     
  -46.572589719020691     
   30.050219690004052     
   74.655922438047781     
   99.382938149527305     
   111.73792366245365     
   116.36399072232976     
   116.18194047879275     
   112.96818772628667     
   107.94872915727836     
   101.83812587489841     
   95.188090871501359     
   88.267493662218953     
   81.330861682773957     
   74.464999008379479     
   67.800851551521831     
   61.351196241322967     
   55.187623802965760     
   49.287360833283699     
   43.691008417806493     
   38.361221443388047     
   33.324912290606015     
   28.541122618414114     
   24.030607884294959     
   19.752092303349958     
   15.722686772094256     
   11.901888208829558     
   8.3049101482463055     
   4.8930483918388825     
   1.6810240571177111     
  -1.3675878276561555     
  -4.2379939410650644     
  -6.9645400739542582     
  -9.5323178986926411     
  -11.973949733553219     
  -14.274369225300106     
  -16.464671978618298     
  -18.529493699962075     
  -20.498531475064802     
  -22.356036429154379     
  -24.130503738192751     
  -25.805817798585402     
  -27.409513519229080     
  -28.925148154468030     
  -30.379497058855506     
  -31.755786738896113     
  -33.080175664757093     
  -34.335530681308470     
  -35.547522158774150     
  -36.698644142075118     
  -37.814221559205293     
  -38.876379386126359     
  -39.910238340984378     
  -40.897549644178582     
  -41.863351027467999     
  -42.788998153148256     
  -43.699554861668751     
  -44.575957472317668     
  -45.443410113167026     
  -46.282412732032370     
  -47.118431014561253     
  -47.931510963146017     
  -48.747500267495170     
  -49.545966554575237     
  -50.353261310746703     
  -51.148448220858072     
  -51.958515567017251     
  -52.762002059513904     
  -53.586680133202172     
  -54.410543996280680     
  -55.262311451792179     
  -56.119414036483192     
  -57.011696548340851     
  -57.916016385344740     
  -58.863555911346147     
  -59.830597590121322     
  -60.849907272111871     
  -61.897204765816667     
  -63.007131268495989     
  -64.154877740685635     
  -65.377314152946866     
  -66.649167975798079     
  -68.009971389937945     
  -69.434099025040723     
  -70.964285257492946     
  -72.574728734208875     
  -74.312049317570583     
  -76.150541856521684     
  -78.141588320290595     
  -80.259989713471754     
  -82.563029941829299     
  -85.026623516606492     
  -87.715455524477335     
  -90.607441153698446     
  -93.776655010763122     
  -97.204287179575857     
  -100.97644300312932     
  -105.07936867170437     
  -109.61466925944850     
  -114.57600555604105     
  -120.08485486022381     
  -126.14502982199367     
  -132.90275055589217     
  -140.37391418658279     
  -148.73271416363553     
  -158.00379872612154     
  -168.38296640065846     
  -179.87974872343545     
  -192.66804412796677     
  -206.64595918912138     
  -221.78907380037055     
  -237.53304540284688     
  -252.99990606012193     
  -265.88652960723221     
  -272.02871923270698     
  -262.66699047257282     
  -221.44002968613285     
  -117.00899924388149     
   104.13793099493742     
   518.16508071845624     
   1173.9528529931063     
   1950.2555975610835     
   2455.8204798448915     
   2363.6087837332043     
   1822.9263989996084     
   1205.0887433376772     
   715.70266252524539     
   384.11079304609888     
   174.57546439962258     
   46.572589719020691     
  -30.050219690004052     
  -74.655922438047781     
  -99.382938149527305     
  -111.73792366245365     
  -116.36399072232976     
  -116.18194047879275     
  -112.96818772628667     
  -107.94872915727836     
  -101.83812587489841     
  -95.188090871501359     
  -88.267493662218953     
  -81.330861682773957     
  -74.464999008379479     
  -67.800851551521831     
  -61.351196241322967     
  -55.187623802965760     
  -49.287360833283699     
  -43.691008417806493     
  -38.361221443388047     
  -33.324912290606015     
  -28.541122618414114     
  -24.030607884294959     
  -19.752092303349958     
  -15.722686772094256     
  -11.901888208829558     
  -8.3049101482463055     
  -4.8930483918388825     
  -1.6810240571177111     
   1.3675878276561555     
   4.2379939410650644     
   6.9645400739542582     
   9.5323178986926411     
   11.973949733553219     
   14.274369225300106     
   16.464671978618298     
   18.529493699962075     
   20.498531475064802     
   22.356036429154379     
   24.130503738192751     
   25.805817798585402     
   27.409513519229080     
   28.925148154468030     
   30.379497058855506     
   31.755786738896113     
   33.080175664757093     
   34.335530681308470     
   35.547522158774150     
   36.698644142075118     
   37.814221559205293     
   38.876379386126359     
   39.910238340984378     
   40.897549644178582     
   41.863351027467999     
   42.788998153148256     
   43.699554861668751     
   44.575957472317668     
   45.443410113167026     
   46.282412732032370     
   47.118431014561253     
   47.931510963146017     
   48.747500267495170     
   49.545966554575237     
   50.353261310746703     
   51.148448220858072     
   51.958515567017251     
   52.762002059513904     
   53.586680133202172     
   54.410543996280680     
   55.262311451792179     
   56.119414036483192     
   57.011696548340851     
   57.916016385344740     
   58.863555911346147     
   59.830597590121322     
   60.849907272111871     
   61.897204765816667     
