  0.53220108735946958       0.25836742542772195       0.12620265647350337       -9.5574531067985455E-002
  0.53248565090226130       0.25145516841899301       0.13157309942627490       -9.6441456698279526E-002
  0.53284284086503708       0.24444804260333219       0.13681223508469612       -9.7472649052098556E-002
  0.53326914650124568       0.23735118515008441       0.14193031800915171       -9.8669521736454588E-002
  0.53376122374450774       0.23016943908921383       0.14693737364660520      -0.10003319356588042     
  0.53431590561730402       0.22290736008772835       0.15184317350924106      -0.10156275171921596     
  0.53493020879702646       0.21556922533259620       0.15665713151878580      -0.10325645425959860     
  0.53560133734632553       0.20815904357830506       0.16138830117284023      -0.10511147773541134     
  0.53632668373869519       0.20068056638854051       0.16604528572110813      -0.10712359910829472     
  0.53710382719129202       0.19313730068855858       0.17063624084831464      -0.10928846219991355     
  0.53793053048610495       0.18553252154536604       0.17516882293552893      -0.11160013413183692     
  0.53880473448910982       0.17786928611759750       0.17965018160393686      -0.11405297517047404     
  0.53972455192137225       0.17015044730288414       0.18408694840506440      -0.11664001335376248     
  0.54068825936510057       0.16237866822761587       0.18848520952387923      -0.11935427009714096     
  0.54169428861403957       0.15455643655139320       0.19285051965314759      -0.12218807761582519     
  0.54274121696585043       0.14668607906817660       0.19718786696504095      -0.12513310963412938     
  0.54382775661028115       0.13876977652824884       0.20150169161884007      -0.12818113974044326     
  0.54495274374717506       0.13080957809186888       0.20579586721117230      -0.13132278693387692     
  0.54611512661928940       0.12280741629266925       0.21007370390802094      -0.13454922864051372     
  0.54731395379035219       0.11476512121222360       0.21433796128253962      -0.13785046834534692     
  0.54854836143872976       0.10668443513651593       0.21859082550103157      -0.14121688869113772     
  0.54981756086888023        9.8567026513021544E-002  0.22283394937811399      -0.14463819585733181     
  0.55112082545274488        9.0414504025703765E-002  0.22706841054082169      -0.14810378667254515     
  0.55245747731550232        8.2228430467233438E-002  0.23129476025419077      -0.15160315670127450     
  0.55382687404715725        7.4010336169379839E-002  0.23551298391784642      -0.15512475011862104     
  0.55522839461865547        6.5761732765112671E-002  0.23972253760666340      -0.15865775890778311     
  0.55666142584009315        5.7484126017908088E-002  0.24392233282795667      -0.16218998759919190     
  0.55812534779283440        4.9179029204077282E-002  0.24811074827536417      -0.16571016564884622     
  0.55961951997931059        4.0847975398910573E-002  0.25228564685827776      -0.16920588719208682     
  0.56114326666484837        3.2492530107166566E-002  0.25644436457446057      -0.17266530267720273     
  0.56269586268699856        2.4114303044676471E-002  0.26058374910868476      -0.17607609215349793     
  0.56427651897876940        1.5714959777500526E-002  0.26470014023700539      -0.17942583142190630     
  0.56588436805953723        7.2962330020141962E-003  0.26878940850859895      -0.18270231342677906     
  0.56751844976517740       -1.1400667910470836E-003  0.27284694523223191      -0.18589268605012416     
  0.56917769652787220       -9.5920405896895416E-003  0.27686768329431211      -0.18898468240111727     
  0.57086091917763715       -1.8057690975618986E-002  0.28084610800184689      -0.19196526185780449     
  0.57256679222009677       -2.6534912059680393E-002  0.28477625605789730      -0.19482194157188359     
  0.57429383965829262       -3.5021480216833448E-002  0.28865174831304241      -0.19754178859395255     
  0.57604042064579020       -4.3515044893050026E-002  0.29246577819784997      -0.20011222034618109     
  0.57780471567808489       -5.2013120106451392E-002  0.29621116220346450      -0.20252081108204656     
  0.57958471329501082       -6.0513076524959311E-002  0.29988033344548742      -0.20475528850987679     
  0.58137819739865648       -6.9012134159876809E-002  0.30346539832729524      -0.20680399723881165     
  0.58318273559624723       -7.7507355935129266E-002  0.30695813315088610      -0.20865509063132176     
  0.58499566798598224       -8.5995641520941704E-002  0.31035002608660894      -0.21029738689977218     
  0.58681409704260035       -9.4473721901678132E-002  0.31363227318011178      -0.21171938032504625     
  0.58863487806507009      -0.10293815408714550       0.31679582147464547      -0.21291066757261354     
  0.59045461149976830      -0.11138531700817322       0.31983139373517966      -0.21386098397958325     
  0.59226963670967847      -0.11981140807041830       0.32272953956655409      -0.21456115464840719     
  0.59407602779545909      -0.12821244073889901       0.32548064216115868      -0.21500157824984836     
  0.59586959040539467      -0.13658424203884700       0.32807494469407411      -0.21517378393054645     
  0.59764586106373951      -0.14492245117658273       0.33050259641148738      -0.21507021421466582     
  0.59940010953916500      -0.15322251958322158       0.33275373257905588      -0.21468468435330648     
  0.60112734412452862      -0.16147971205827175       0.33481845522127335      -0.21400967139910562     
  0.60282231747493231      -0.16968910669743878       0.33668682805613093      -0.21303913505498248     
  0.60447953611115590      -0.17784559625565752       0.33834897723466090      -0.21176917760572900     
  0.60609327480062558      -0.18594389188698318       0.33979515209624628      -0.21019524032597639     
  0.60765759225696103      -0.19397852579250247       0.34101562494120441      -0.20831261282512270     
  0.60916634996906538      -0.20194385431555556       0.34200088584650296      -0.20612136691757760     
  0.61061323792595290      -0.20983406483689335       0.34274160401992554      -0.20361712724111444     
  0.61199179955088856      -0.21764317916945666       0.34322861019109913      -0.20080054840756326     
  0.61329546364666299      -0.22536506070575088       0.34345304052221298      -0.19767041680522796     
  0.61451757825685371      -0.23299342042409932       0.34340623733652398      -0.19422749451189006     
  0.61565144896469137      -0.24052182416001397       0.34307990188048743      -0.19047336433293607     
  0.61669038124601083      -0.24794370079653380       0.34246603822425181      -0.18641002007862767     
  0.61762772599719962      -0.25525235062018287       0.34155704658159308      -0.18204073208931373     
  0.61845692892168613      -0.26244095464528094       0.34034569890480770      -0.17736893172643328     
  0.61917158266062178      -0.26950258401237148       0.33882520576053454      -0.17239945119762010     
  0.61976548237686491      -0.27643021045203686       0.33698922105771983      -0.16713758772893600     
  0.62023268381677932      -0.28321671719740305       0.33483190174972283      -0.16158993112543774     
  0.62056756392276979      -0.28985491087536935       0.33234791657689744      -0.15576352618458997     
  0.62076488293240484      -0.29633753380636674       0.32953249539128643      -0.14966662230235961     
  0.62081984786531530      -0.30265727724511204       0.32638144785679002      -0.14330820150090429     
  0.62072817651075052      -0.30880679535900946       0.32289122040629936      -0.13669856811764294     
  0.62048616150379843      -0.31477872035397453       0.31905892227261839      -0.12984884187807272     
  0.62009073335493581      -0.32056567844371625       0.31488238036195598      -0.12277145187214779     
  0.61953952180078797      -0.32616030700851223       0.31036017160950929      -0.11547985748262110     
  0.61883091438890081      -0.33155527286430642       0.30549168677225730      -0.10798900446663648     
  0.61796411149765107      -0.33674329197596853       0.30027717106213403      -0.10031500517223307     
  0.61693917653277242      -0.34171715045359946       0.29471779040739327       -9.2475533057664705E-002
  0.61575708037008547      -0.34646972710830792       0.28881567805626512       -8.4489612556215454E-002
  0.61441973881608503      -0.35099401749906117       0.28257400705457697       -7.6377960980664225E-002
  0.61293004210053970      -0.35528315969240415       0.27599704067702530       -6.8162735654691345E-002
  0.61129187517755912      -0.35933046158792931       0.26909020518337895       -5.9867835348608164E-002
  0.60951012791520420      -0.36312942997407460       0.26186014036778377       -5.1518647677246107E-002
  0.60759069411461952      -0.36667380113596248       0.25431476915380385       -4.3142261317813679E-002
  0.60554045861036965      -0.36995757306309957       0.24646334088081059       -3.4767152290104388E-002
  0.60336727167333803      -0.37297503897725365       0.23831648989616652       -2.6423322978423376E-002
  0.60107991030870045      -0.37572082211922958       0.22988626355196373       -1.8141897869667824E-002
  0.59868802610107186      -0.37818991138543384       0.22118616034060420       -9.9551600066462645E-003
  0.59620207968371652      -0.38037769760804763       0.21223113194760079       -1.8960392651682268E-003
  0.59363326205890077      -0.38228000992658240       0.20303759047760134        6.0019542827128517E-003
  0.59099340345825013      -0.38389315190102502       0.19362337360079157        1.3705368607209060E-002
  0.58829487064201613      -0.38521393666399073       0.18400771036589234        2.1180963984231700E-002
  0.58555045400275230      -0.38623972064211742       0.17421113969551735        2.8396473719928324E-002
  0.58277324606491343      -0.38696843501957490       0.16425542660402331        3.5320810748191517E-002
  0.57997651338815548      -0.38739861440634382       0.15416342769139962        4.1924926154055776E-002
  0.57717356406949405      -0.38752942181533490       0.14395895420047511        4.8182005523142973E-002
  0.57437761333835324      -0.38736066943019692       0.13366658397491710        5.4068381644382213E-002
  0.57160164983251860      -0.38689283428106269       0.12331147451065549        5.9563635021361201E-002
  0.56885830525830305      -0.38612706844178624       0.11291912844904339        6.4651504496464507E-002
  0.56615973010184972      -0.38506520297544983       0.10251516770273969        6.9319794508939561E-002
  0.56351747794121820      -0.38370974549391013        9.2125067665072710E-002   7.3561227994245026E-002
  0.56094240074075319      -0.38206387075750425        8.1773911053831444E-002   7.7373067847066906E-002
  0.55844455714191688      -0.38013140453661387        7.1486112805077995E-002   8.0757875126995102E-002
  0.55603313551010436      -0.37791680041858450        6.1285177644905070E-002   8.3722772030434656E-002
  0.55371639289822649      -0.37542511020157221        5.1193441265090817E-002   8.6280110312876857E-002
  0.55150161083981797      -0.37266194781570239        4.1231857089895775E-002   8.8446324908623822E-002
  0.54939506809424277      -0.36963344785087154        3.1419778935002217E-002   9.0242579977822701E-002
  0.54740203036217672      -0.36634621880723495        2.1774798634520188E-002   9.1693188188328445E-002
  0.54552675603732337      -0.36280729256162986        1.2312591491009635E-002   9.2826332724810778E-002
  0.54377251725574938      -0.35902407020484850        3.0468179343840491E-003   9.3672114355539682E-002
  0.54214163441527674      -0.35500426605038737       -6.0109549217932752E-003   9.4263381369284457E-002
  0.54063552291407624      -0.35075584991841668       -1.4851282596344998E-002   9.4633565725174215E-002
  0.53925474970605747      -0.34628698960044169       -2.3466845021817222E-002   9.4817674743765373E-002
  0.53799909823029723      -0.34160599345607612       -3.1852410212372853E-002   9.4849939491446947E-002
  0.53686763901398171      -0.33672125509992218       -4.0004764170441846E-002   9.4765133486909348E-002
  0.53585880471820913      -0.33164119974722567       -4.7922628129218194E-002   9.4596169334917268E-002
  0.53497046692306593      -0.32637423413031263       -5.5606524657533886E-002   9.4375458109343835E-002
  0.53420001370203574      -0.32092869938219093       -6.3058663473744878E-002   9.4132896605997732E-002
  0.53354442571872207      -0.31531282835889651       -7.0282768228074194E-002   9.3897149705559874E-002
  0.53300035028347781      -0.30953470667007915       -7.7283949784193881E-002   9.3693988726636646E-002
  0.53256417152551672      -0.30360223862589170       -8.4068500773903973E-002   9.3547213959082706E-002
  0.53223207640140224      -0.29752311741722803       -9.0643774769642915E-002   9.3478036106950518E-002
  0.53200011563978200      -0.29130479986722230       -9.7017979671294149E-002   9.3505161747595503E-002
  0.53186425928191428      -0.28495448554930503      -0.10320006524973371        9.3645109954796205E-002
  0.53182044665535377      -0.27847910001328469      -0.10919952067583991        9.3911311062278624E-002
  0.53186463020800878      -0.27188528247891069      -0.11502627364678532        9.4315855303927443E-002
  0.53199281421081934      -0.26517937661287833      -0.12069052542703274        9.4867557668896763E-002
  0.53220108735946958      -0.25836742542772195      -0.12620265647350337        9.5574531067985455E-002
  0.53248565090226130      -0.25145516841899301      -0.13157309942627490        9.6441456698279526E-002
  0.53284284086503708      -0.24444804260333219      -0.13681223508469612        9.7472649052098556E-002
  0.53326914650124568      -0.23735118515008441      -0.14193031800915171        9.8669521736454588E-002
  0.53376122374450774      -0.23016943908921383      -0.14693737364660520       0.10003319356588042     
  0.53431590561730402      -0.22290736008772835      -0.15184317350924106       0.10156275171921596     
  0.53493020879702646      -0.21556922533259620      -0.15665713151878580       0.10325645425959860     
  0.53560133734632553      -0.20815904357830506      -0.16138830117284023       0.10511147773541134     
  0.53632668373869519      -0.20068056638854051      -0.16604528572110813       0.10712359910829472     
  0.53710382719129202      -0.19313730068855858      -0.17063624084831464       0.10928846219991355     
  0.53793053048610495      -0.18553252154536604      -0.17516882293552893       0.11160013413183692     
  0.53880473448910982      -0.17786928611759750      -0.17965018160393686       0.11405297517047404     
  0.53972455192137225      -0.17015044730288414      -0.18408694840506440       0.11664001335376248     
  0.54068825936510057      -0.16237866822761587      -0.18848520952387923       0.11935427009714096     
  0.54169428861403957      -0.15455643655139320      -0.19285051965314759       0.12218807761582519     
  0.54274121696585043      -0.14668607906817660      -0.19718786696504095       0.12513310963412938     
  0.54382775661028115      -0.13876977652824884      -0.20150169161884007       0.12818113974044326     
  0.54495274374717506      -0.13080957809186888      -0.20579586721117230       0.13132278693387692     
  0.54611512661928940      -0.12280741629266925      -0.21007370390802094       0.13454922864051372     
  0.54731395379035219      -0.11476512121222360      -0.21433796128253962       0.13785046834534692     
  0.54854836143872976      -0.10668443513651593      -0.21859082550103157       0.14121688869113772     
  0.54981756086888023       -9.8567026513021544E-002 -0.22283394937811399       0.14463819585733181     
  0.55112082545274488       -9.0414504025703765E-002 -0.22706841054082169       0.14810378667254515     
  0.55245747731550232       -8.2228430467233438E-002 -0.23129476025419077       0.15160315670127450     
  0.55382687404715725       -7.4010336169379839E-002 -0.23551298391784642       0.15512475011862104     
  0.55522839461865547       -6.5761732765112671E-002 -0.23972253760666340       0.15865775890778311     
  0.55666142584009315       -5.7484126017908088E-002 -0.24392233282795667       0.16218998759919190     
  0.55812534779283440       -4.9179029204077282E-002 -0.24811074827536417       0.16571016564884622     
  0.55961951997931059       -4.0847975398910573E-002 -0.25228564685827776       0.16920588719208682     
  0.56114326666484837       -3.2492530107166566E-002 -0.25644436457446057       0.17266530267720273     
  0.56269586268699856       -2.4114303044676471E-002 -0.26058374910868476       0.17607609215349793     
  0.56427651897876940       -1.5714959777500526E-002 -0.26470014023700539       0.17942583142190630     
  0.56588436805953723       -7.2962330020141962E-003 -0.26878940850859895       0.18270231342677906     
  0.56751844976517740        1.1400667910470836E-003 -0.27284694523223191       0.18589268605012416     
  0.56917769652787220        9.5920405896895416E-003 -0.27686768329431211       0.18898468240111727     
  0.57086091917763715        1.8057690975618986E-002 -0.28084610800184689       0.19196526185780449     
  0.57256679222009677        2.6534912059680393E-002 -0.28477625605789730       0.19482194157188359     
  0.57429383965829262        3.5021480216833448E-002 -0.28865174831304241       0.19754178859395255     
  0.57604042064579020        4.3515044893050026E-002 -0.29246577819784997       0.20011222034618109     
  0.57780471567808489        5.2013120106451392E-002 -0.29621116220346450       0.20252081108204656     
  0.57958471329501082        6.0513076524959311E-002 -0.29988033344548742       0.20475528850987679     
  0.58137819739865648        6.9012134159876809E-002 -0.30346539832729524       0.20680399723881165     
  0.58318273559624723        7.7507355935129266E-002 -0.30695813315088610       0.20865509063132176     
  0.58499566798598224        8.5995641520941704E-002 -0.31035002608660894       0.21029738689977218     
  0.58681409704260035        9.4473721901678132E-002 -0.31363227318011178       0.21171938032504625     
  0.58863487806507009       0.10293815408714550      -0.31679582147464547       0.21291066757261354     
  0.59045461149976830       0.11138531700817322      -0.31983139373517966       0.21386098397958325     
  0.59226963670967847       0.11981140807041830      -0.32272953956655409       0.21456115464840719     
  0.59407602779545909       0.12821244073889901      -0.32548064216115868       0.21500157824984836     
  0.59586959040539467       0.13658424203884700      -0.32807494469407411       0.21517378393054645     
  0.59764586106373951       0.14492245117658273      -0.33050259641148738       0.21507021421466582     
  0.59940010953916500       0.15322251958322158      -0.33275373257905588       0.21468468435330648     
  0.60112734412452862       0.16147971205827175      -0.33481845522127335       0.21400967139910562     
  0.60282231747493231       0.16968910669743878      -0.33668682805613093       0.21303913505498248     
  0.60447953611115590       0.17784559625565752      -0.33834897723466090       0.21176917760572900     
  0.60609327480062558       0.18594389188698318      -0.33979515209624628       0.21019524032597639     
  0.60765759225696103       0.19397852579250247      -0.34101562494120441       0.20831261282512270     
  0.60916634996906538       0.20194385431555556      -0.34200088584650296       0.20612136691757760     
  0.61061323792595290       0.20983406483689335      -0.34274160401992554       0.20361712724111444     
  0.61199179955088856       0.21764317916945666      -0.34322861019109913       0.20080054840756326     
  0.61329546364666299       0.22536506070575088      -0.34345304052221298       0.19767041680522796     
  0.61451757825685371       0.23299342042409932      -0.34340623733652398       0.19422749451189006     
  0.61565144896469137       0.24052182416001397      -0.34307990188048743       0.19047336433293607     
  0.61669038124601083       0.24794370079653380      -0.34246603822425181       0.18641002007862767     
  0.61762772599719962       0.25525235062018287      -0.34155704658159308       0.18204073208931373     
  0.61845692892168613       0.26244095464528094      -0.34034569890480770       0.17736893172643328     
  0.61917158266062178       0.26950258401237148      -0.33882520576053454       0.17239945119762010     
  0.61976548237686491       0.27643021045203686      -0.33698922105771983       0.16713758772893600     
  0.62023268381677932       0.28321671719740305      -0.33483190174972283       0.16158993112543774     
  0.62056756392276979       0.28985491087536935      -0.33234791657689744       0.15576352618458997     
  0.62076488293240484       0.29633753380636674      -0.32953249539128643       0.14966662230235961     
  0.62081984786531530       0.30265727724511204      -0.32638144785679002       0.14330820150090429     
  0.62072817651075052       0.30880679535900946      -0.32289122040629936       0.13669856811764294     
  0.62048616150379843       0.31477872035397453      -0.31905892227261839       0.12984884187807272     
  0.62009073335493581       0.32056567844371625      -0.31488238036195598       0.12277145187214779     
  0.61953952180078797       0.32616030700851223      -0.31036017160950929       0.11547985748262110     
  0.61883091438890081       0.33155527286430642      -0.30549168677225730       0.10798900446663648     
  0.61796411149765107       0.33674329197596853      -0.30027717106213403       0.10031500517223307     
  0.61693917653277242       0.34171715045359946      -0.29471779040739327        9.2475533057664705E-002
  0.61575708037008547       0.34646972710830792      -0.28881567805626512        8.4489612556215454E-002
  0.61441973881608503       0.35099401749906117      -0.28257400705457697        7.6377960980664225E-002
  0.61293004210053970       0.35528315969240415      -0.27599704067702530        6.8162735654691345E-002
  0.61129187517755912       0.35933046158792931      -0.26909020518337895        5.9867835348608164E-002
  0.60951012791520420       0.36312942997407460      -0.26186014036778377        5.1518647677246107E-002
  0.60759069411461952       0.36667380113596248      -0.25431476915380385        4.3142261317813679E-002
  0.60554045861036965       0.36995757306309957      -0.24646334088081059        3.4767152290104388E-002
  0.60336727167333803       0.37297503897725365      -0.23831648989616652        2.6423322978423376E-002
  0.60107991030870045       0.37572082211922958      -0.22988626355196373        1.8141897869667824E-002
  0.59868802610107186       0.37818991138543384      -0.22118616034060420        9.9551600066462645E-003
  0.59620207968371652       0.38037769760804763      -0.21223113194760079        1.8960392651682268E-003
  0.59363326205890077       0.38228000992658240      -0.20303759047760134       -6.0019542827128517E-003
  0.59099340345825013       0.38389315190102502      -0.19362337360079157       -1.3705368607209060E-002
  0.58829487064201613       0.38521393666399073      -0.18400771036589234       -2.1180963984231700E-002
  0.58555045400275230       0.38623972064211742      -0.17421113969551735       -2.8396473719928324E-002
  0.58277324606491343       0.38696843501957490      -0.16425542660402331       -3.5320810748191517E-002
  0.57997651338815548       0.38739861440634382      -0.15416342769139962       -4.1924926154055776E-002
  0.57717356406949405       0.38752942181533490      -0.14395895420047511       -4.8182005523142973E-002
  0.57437761333835324       0.38736066943019692      -0.13366658397491710       -5.4068381644382213E-002
  0.57160164983251860       0.38689283428106269      -0.12331147451065549       -5.9563635021361201E-002
  0.56885830525830305       0.38612706844178624      -0.11291912844904339       -6.4651504496464507E-002
  0.56615973010184972       0.38506520297544983      -0.10251516770273969       -6.9319794508939561E-002
  0.56351747794121820       0.38370974549391013       -9.2125067665072710E-002  -7.3561227994245026E-002
  0.56094240074075319       0.38206387075750425       -8.1773911053831444E-002  -7.7373067847066906E-002
  0.55844455714191688       0.38013140453661387       -7.1486112805077995E-002  -8.0757875126995102E-002
  0.55603313551010436       0.37791680041858450       -6.1285177644905070E-002  -8.3722772030434656E-002
  0.55371639289822649       0.37542511020157221       -5.1193441265090817E-002  -8.6280110312876857E-002
  0.55150161083981797       0.37266194781570239       -4.1231857089895775E-002  -8.8446324908623822E-002
  0.54939506809424277       0.36963344785087154       -3.1419778935002217E-002  -9.0242579977822701E-002
  0.54740203036217672       0.36634621880723495       -2.1774798634520188E-002  -9.1693188188328445E-002
  0.54552675603732337       0.36280729256162986       -1.2312591491009635E-002  -9.2826332724810778E-002
  0.54377251725574938       0.35902407020484850       -3.0468179343840491E-003  -9.3672114355539682E-002
  0.54214163441527674       0.35500426605038737        6.0109549217932752E-003  -9.4263381369284457E-002
  0.54063552291407624       0.35075584991841668        1.4851282596344998E-002  -9.4633565725174215E-002
  0.53925474970605747       0.34628698960044169        2.3466845021817222E-002  -9.4817674743765373E-002
  0.53799909823029723       0.34160599345607612        3.1852410212372853E-002  -9.4849939491446947E-002
  0.53686763901398171       0.33672125509992218        4.0004764170441846E-002  -9.4765133486909348E-002
  0.53585880471820913       0.33164119974722567        4.7922628129218194E-002  -9.4596169334917268E-002
  0.53497046692306593       0.32637423413031263        5.5606524657533886E-002  -9.4375458109343835E-002
  0.53420001370203574       0.32092869938219093        6.3058663473744878E-002  -9.4132896605997732E-002
  0.53354442571872207       0.31531282835889651        7.0282768228074194E-002  -9.3897149705559874E-002
  0.53300035028347781       0.30953470667007915        7.7283949784193881E-002  -9.3693988726636646E-002
  0.53256417152551672       0.30360223862589170        8.4068500773903973E-002  -9.3547213959082706E-002
  0.53223207640140224       0.29752311741722803        9.0643774769642915E-002  -9.3478036106950518E-002
  0.53200011563978200       0.29130479986722230        9.7017979671294149E-002  -9.3505161747595503E-002
  0.53186425928191428       0.28495448554930503       0.10320006524973371       -9.3645109954796205E-002
  0.53182044665535377       0.27847910001328469       0.10919952067583991       -9.3911311062278624E-002
  0.53186463020800878       0.27188528247891069       0.11502627364678532       -9.4315855303927443E-002
  0.53199281421081934       0.26517937661287833       0.12069052542703274       -9.4867557668896763E-002
