  0.74968624076209345     
  0.75749822013247992     
  0.76472691055322972     
  0.77140918917731538     
  0.77758093545545837     
  0.78327695733935865     
  0.78853071533786590     
  0.79337432122984186     
  0.79783831016044926     
  0.80195166437646281     
  0.80574169448971278     
  0.80923404255011544     
  0.81245267572518043     
  0.81541983969541965     
  0.81815612220434952     
  0.82068038698749546     
  0.82300985089936951     
  0.82516006142496745     
  0.82714493242534781     
  0.82897680393453654     
  0.83066640688630589     
  0.83222299351940798     
  0.83365424857684389     
  0.83496644080417393     
  0.83616433704174664     
  0.83725131820038590     
  0.83822935443641344     
  0.83909905154907449     
  0.83985970841321111     
  0.84050929814681896     
  0.84104457912436326     
  0.84146104891795415     
  0.84175305149122848     
  0.84191375203851038     
  0.84193519239999348     
  0.84180831713146631     
  0.84152296643843960     
  0.84106795655877709     
  0.84043104025146964     
  0.83959903038955752     
  0.83855776968413975     
  0.83729226665419532     
  0.83578666935056201     
  0.83402435870960323     
  0.83198791772513114     
  0.82965922540009185     
  0.82701950001511704     
  0.82404941193601833     
  0.82072907721636990     
  0.81703810397346321     
  0.81295569088518549     
  0.80846081572035478     
  0.80353215974130066     
  0.79814807255601306     
  0.79228681984015836     
  0.78592672492785554     
  0.77904588466159164     
  0.77162267463577505     
  0.76363563251689237     
  0.75506340373779313     
  0.74588511924608003     
  0.73608012997335504     
  0.72562841715116777     
  0.71451045002221525     
  0.70270744708756394     
  0.69020132823520697     
  0.67697491584432523     
  0.66301197527425138     
  0.64829740755402754     
  0.63281731155496357     
  0.61655916009762446     
  0.59951189976096730     
  0.58166615804729682     
  0.56301437299432011     
  0.54355100446431015     
  0.52327268956067274     
  0.50217848551602562     
  0.48027005361219799     
  0.45755191344727675     
  0.43403164564659197     
  0.40972016322884913     
  0.38463192235332611     
  0.35878518922309999     
  0.33220224254848829     
  0.30490961966770103     
  0.27693828326817826     
  0.24832381755419403     
  0.21910652921823248     
  0.18933155972276880     
  0.15904888355890245     
  0.12831330072534161     
   9.7184295887244559E-002
   6.5725877214970960E-002
   3.4006266392380566E-002
   2.0975601429680771E-003
  -2.9924765090805508E-002
  -6.1982374728676917E-002
  -9.3994751237443747E-002
 -0.12587988023154489     
 -0.15755507329837520     
 -0.18893777275415724     
 -0.21994646284103381     
 -0.25050152278847571     
 -0.28052614614998517     
 -0.30994715637342940     
 -0.33869584514725970     
 -0.36670866353978915     
 -0.39392789592916733     
 -0.42030215621837330     
 -0.44578683196988955     
 -0.47034434643151879     
 -0.49394433775202601     
 -0.51656367828134919     
 -0.53818639604324203     
 -0.55880347228936655     
 -0.57841253266846460     
 -0.59701749062582110     
 -0.61462804692008288     
 -0.63125923646348359     
 -0.64693081820059162     
 -0.66166679116254179     
 -0.67549470749426199     
 -0.68844521919191448     
 -0.70055140655848536     
 -0.71184836946153418     
 -0.72237259083248451     
 -0.73216158490857552     
 -0.74125338624059012     
 -0.74968624076209345     
 -0.75749822013247992     
 -0.76472691055322972     
 -0.77140918917731538     
 -0.77758093545545837     
 -0.78327695733935865     
 -0.78853071533786590     
 -0.79337432122984186     
 -0.79783831016044926     
 -0.80195166437646281     
 -0.80574169448971278     
 -0.80923404255011544     
 -0.81245267572518043     
 -0.81541983969541965     
 -0.81815612220434952     
 -0.82068038698749546     
 -0.82300985089936951     
 -0.82516006142496745     
 -0.82714493242534781     
 -0.82897680393453654     
 -0.83066640688630589     
 -0.83222299351940798     
 -0.83365424857684389     
 -0.83496644080417393     
 -0.83616433704174664     
 -0.83725131820038590     
 -0.83822935443641344     
 -0.83909905154907449     
 -0.83985970841321111     
 -0.84050929814681896     
 -0.84104457912436326     
 -0.84146104891795415     
 -0.84175305149122848     
 -0.84191375203851038     
 -0.84193519239999348     
 -0.84180831713146631     
 -0.84152296643843960     
 -0.84106795655877709     
 -0.84043104025146964     
 -0.83959903038955752     
 -0.83855776968413975     
 -0.83729226665419532     
 -0.83578666935056201     
 -0.83402435870960323     
 -0.83198791772513114     
 -0.82965922540009185     
 -0.82701950001511704     
 -0.82404941193601833     
 -0.82072907721636990     
 -0.81703810397346321     
 -0.81295569088518549     
 -0.80846081572035478     
 -0.80353215974130066     
 -0.79814807255601306     
 -0.79228681984015836     
 -0.78592672492785554     
 -0.77904588466159164     
 -0.77162267463577505     
 -0.76363563251689237     
 -0.75506340373779313     
 -0.74588511924608003     
 -0.73608012997335504     
 -0.72562841715116777     
 -0.71451045002221525     
 -0.70270744708756394     
 -0.69020132823520697     
 -0.67697491584432523     
 -0.66301197527425138     
 -0.64829740755402754     
 -0.63281731155496357     
 -0.61655916009762446     
 -0.59951189976096730     
 -0.58166615804729682     
 -0.56301437299432011     
 -0.54355100446431015     
 -0.52327268956067274     
 -0.50217848551602562     
 -0.48027005361219799     
 -0.45755191344727675     
 -0.43403164564659197     
 -0.40972016322884913     
 -0.38463192235332611     
 -0.35878518922309999     
 -0.33220224254848829     
 -0.30490961966770103     
 -0.27693828326817826     
 -0.24832381755419403     
 -0.21910652921823248     
 -0.18933155972276880     
 -0.15904888355890245     
 -0.12831330072534161     
  -9.7184295887244559E-002
  -6.5725877214970960E-002
  -3.4006266392380566E-002
  -2.0975601429680771E-003
   2.9924765090805508E-002
   6.1982374728676917E-002
   9.3994751237443747E-002
  0.12587988023154489     
  0.15755507329837520     
  0.18893777275415724     
  0.21994646284103381     
  0.25050152278847571     
  0.28052614614998517     
  0.30994715637342940     
  0.33869584514725970     
  0.36670866353978915     
  0.39392789592916733     
  0.42030215621837330     
  0.44578683196988955     
  0.47034434643151879     
  0.49394433775202601     
  0.51656367828134919     
  0.53818639604324203     
  0.55880347228936655     
  0.57841253266846460     
  0.59701749062582110     
  0.61462804692008288     
  0.63125923646348359     
  0.64693081820059162     
  0.66166679116254179     
  0.67549470749426199     
  0.68844521919191448     
  0.70055140655848536     
  0.71184836946153418     
  0.72237259083248451     
  0.73216158490857552     
  0.74125338624059012     
