   2.9162829040456004E-004
   2.9643534909417019E-004
   3.0139166614946727E-004
   3.0650318228327459E-004
   3.1177634160023697E-004
   3.1721813619000982E-004
   3.2283611105284461E-004
   3.2863840094203453E-004
   3.3463380621990191E-004
   3.4083185955151768E-004
   3.4724287191502878E-004
   3.5387798107168391E-004
   3.6074921886156060E-004
   3.6786960083557964E-004
   3.7525321441797587E-004
   3.8291526896394801E-004
   3.9087213344919804E-004
   3.9914142419185422E-004
   4.0774209701903256E-004
   4.1669442659323004E-004
   4.2601990204331393E-004
   4.3574115845356013E-004
   4.4588184386581492E-004
   4.5646616897250801E-004
   4.6751813023120461E-004
   4.7906052812948970E-004
   4.9111349704977986E-004
   5.0369196967848964E-004
   5.1680182430853311E-004
   5.3043456046091247E-004
   5.4455959215860266E-004
   5.5911272627517429E-004
   5.7397990374669170E-004
   5.8897560632881565E-004
   6.0381495691260616E-004
   6.1807988511556374E-004
   6.3118470379639597E-004
   6.4235361696008319E-004
   6.5063062916026211E-004
   6.5494961324826916E-004
   6.5428840918828996E-004
   6.4789794094678829E-004
   6.3553806759146839E-004
   6.1761021741946220E-004
   5.9510534461395376E-004
   5.6938098988937097E-004
   5.4187148115137978E-004
   5.1385012170840480E-004
   4.8630381106702620E-004
   4.5991075022398732E-004
   4.3507973181760071E-004
   4.1201327705428308E-004
   3.9077106452970926E-004
   3.7132163693510593E-004
   3.5357952981996874E-004
   3.3743078266908064E-004
   3.2275017173046948E-004
   3.0941168315661222E-004
   2.9729394547926320E-004
   2.8628321562030050E-004
   2.7627527281946470E-004
   2.6717591831210456E-004
   2.5890027569746470E-004
   2.5137210148293049E-004
   2.4452348659992048E-004
   2.3829417727835482E-004
   2.3263039609984441E-004
   2.2748402527069620E-004
   2.2281232895266382E-004
   2.1857743199044219E-004
   2.1474540404223949E-004
   2.1128569653355300E-004
   2.0817107578845309E-004
   2.0537733467320421E-004
   2.0288262835911080E-004
   2.0066710126788502E-004
   1.9871295101418210E-004
   1.9700429498019359E-004
   1.9552668573699113E-004
   1.9426685876808419E-004
   1.9321285415980992E-004
   1.9235396426479180E-004
   1.9168037052880879E-004
   1.9118297557644461E-004
   1.9085354958474753E-004
   1.9068471262536390E-004
   1.9066964572587311E-004
   1.9080198101972608E-004
   1.9107596229335001E-004
   1.9148644408929021E-004
   1.9202864726249649E-004
   1.9269808350340221E-004
   1.9349072125697788E-004
   1.9440299568212861E-004
   1.9543159530235250E-004
   1.9657340618063979E-004
   1.9782567584298750E-004
   1.9918603055488172E-004
   2.0065228551789899E-004
   2.0222239856700430E-004
   2.0389462707956380E-004
   2.0566755388685609E-004
   2.0753992088580158E-004
   2.0951058466643331E-004
   2.1157865631976340E-004
   2.1374353396672242E-004
   2.1600476722330320E-004
   2.1836201956473771E-004
   2.2081518318829791E-004
   2.2336440556733082E-004
   2.2600998410877900E-004
   2.2875234749590053E-004
   2.3159215274400343E-004
   2.3453029665888820E-004
   2.3756782816168251E-004
   2.4070595086338761E-004
   2.4394611579781170E-004
   2.4729002287998111E-004
   2.5073954138825425E-004
   2.5429672526338591E-004
   2.5796390715296955E-004
   2.6174370122303032E-004
   2.6563893309413902E-004
   2.6965266003496603E-004
   2.7378826405316780E-004
   2.7804946423810780E-004
   2.8244026330374378E-004
   2.8696497054464580E-004
   2.9162829040456004E-004
   2.9643534909417019E-004
   3.0139166614946727E-004
   3.0650318228327459E-004
   3.1177634160023697E-004
   3.1721813619000982E-004
   3.2283611105284461E-004
   3.2863840094203453E-004
   3.3463380621990191E-004
   3.4083185955151768E-004
   3.4724287191502878E-004
   3.5387798107168391E-004
   3.6074921886156060E-004
   3.6786960083557964E-004
   3.7525321441797587E-004
   3.8291526896394801E-004
   3.9087213344919804E-004
   3.9914142419185422E-004
   4.0774209701903256E-004
   4.1669442659323004E-004
   4.2601990204331393E-004
   4.3574115845356013E-004
   4.4588184386581492E-004
   4.5646616897250801E-004
   4.6751813023120461E-004
   4.7906052812948970E-004
   4.9111349704977986E-004
   5.0369196967848964E-004
   5.1680182430853311E-004
   5.3043456046091247E-004
   5.4455959215860266E-004
   5.5911272627517429E-004
   5.7397990374669170E-004
   5.8897560632881565E-004
   6.0381495691260616E-004
   6.1807988511556374E-004
   6.3118470379639597E-004
   6.4235361696008319E-004
   6.5063062916026211E-004
   6.5494961324826916E-004
   6.5428840918828996E-004
   6.4789794094678829E-004
   6.3553806759146839E-004
   6.1761021741946220E-004
   5.9510534461395376E-004
   5.6938098988937097E-004
   5.4187148115137978E-004
   5.1385012170840480E-004
   4.8630381106702620E-004
   4.5991075022398732E-004
   4.3507973181760071E-004
   4.1201327705428308E-004
   3.9077106452970926E-004
   3.7132163693510593E-004
   3.5357952981996874E-004
   3.3743078266908064E-004
   3.2275017173046948E-004
   3.0941168315661222E-004
   2.9729394547926320E-004
   2.8628321562030050E-004
   2.7627527281946470E-004
   2.6717591831210456E-004
   2.5890027569746470E-004
   2.5137210148293049E-004
   2.4452348659992048E-004
   2.3829417727835482E-004
   2.3263039609984441E-004
   2.2748402527069620E-004
   2.2281232895266382E-004
   2.1857743199044219E-004
   2.1474540404223949E-004
   2.1128569653355300E-004
   2.0817107578845309E-004
   2.0537733467320421E-004
   2.0288262835911080E-004
   2.0066710126788502E-004
   1.9871295101418210E-004
   1.9700429498019359E-004
   1.9552668573699113E-004
   1.9426685876808419E-004
   1.9321285415980992E-004
   1.9235396426479180E-004
   1.9168037052880879E-004
   1.9118297557644461E-004
   1.9085354958474753E-004
   1.9068471262536390E-004
   1.9066964572587311E-004
   1.9080198101972608E-004
   1.9107596229335001E-004
   1.9148644408929021E-004
   1.9202864726249649E-004
   1.9269808350340221E-004
   1.9349072125697788E-004
   1.9440299568212861E-004
   1.9543159530235250E-004
   1.9657340618063979E-004
   1.9782567584298750E-004
   1.9918603055488172E-004
   2.0065228551789899E-004
   2.0222239856700430E-004
   2.0389462707956380E-004
   2.0566755388685609E-004
   2.0753992088580158E-004
   2.0951058466643331E-004
   2.1157865631976340E-004
   2.1374353396672242E-004
   2.1600476722330320E-004
   2.1836201956473771E-004
   2.2081518318829791E-004
   2.2336440556733082E-004
   2.2600998410877900E-004
   2.2875234749590053E-004
   2.3159215274400343E-004
   2.3453029665888820E-004
   2.3756782816168251E-004
   2.4070595086338761E-004
   2.4394611579781170E-004
   2.4729002287998111E-004
   2.5073954138825425E-004
   2.5429672526338591E-004
   2.5796390715296955E-004
   2.6174370122303032E-004
   2.6563893309413902E-004
   2.6965266003496603E-004
   2.7378826405316780E-004
   2.7804946423810780E-004
   2.8244026330374378E-004
   2.8696497054464580E-004
