   1.9266439933662131E-003
   1.9458262464239380E-003
   1.9709562112646402E-003
   1.9849210460648830E-003
   1.9950393550860752E-003
   2.0164392069679099E-003
   2.0422711631600129E-003
   2.0589378737143867E-003
   2.0728884678310510E-003
   2.0962981445233051E-003
   2.1227349574318610E-003
   2.1408423281377071E-003
   2.1565992488074407E-003
   2.1800598946846270E-003
   2.2048003201914101E-003
   2.2208184673545620E-003
   2.2335545143553500E-003
   2.2511758813827300E-003
   2.2667859644416831E-003
   2.2708675787127598E-003
   2.2677843121069793E-003
   2.2632837771887969E-003
   2.2488340013558611E-003
   2.2137835364298510E-003
   2.1596809272155090E-003
   2.0876128320382993E-003
   1.9841409577112260E-003
   1.8331969838196579E-003
   1.6282260119882830E-003
   1.3588224717662920E-003
   9.9780004484829204E-004
   5.1298339356794088E-004
  -1.2233656435898819E-004
  -9.4245463344980651E-004
  -1.9979628244874018E-003
  -3.3372891976402529E-003
  -4.9865751993121337E-003
  -6.9457894717715636E-003
  -9.1729263938841957E-003
  -1.1544864727532871E-002
  -1.3841266519806191E-002
  -1.5788549394729540E-002
  -1.7137567877202210E-002
  -1.7732932701747677E-002
  -1.7559128918865061E-002
  -1.6745406394613960E-002
  -1.5506924031958951E-002
  -1.4054336608893570E-002
  -1.2545282904696980E-002
  -1.1092006377920790E-002
  -9.7692163874201644E-003
  -8.6031071009196793E-003
  -7.5838072251163272E-003
  -6.7032051444720579E-003
  -5.9617735336634416E-003
  -5.3412261635529187E-003
  -4.8073906093221343E-003
  -4.3474822430836120E-003
  -3.9695205547688643E-003
  -3.6600292772708811E-003
  -3.3843786426288680E-003
  -3.1366103813824250E-003
  -2.9406988880236180E-003
  -2.7908490854386997E-003
  -2.6453479811291542E-003
  -2.4969457838694650E-003
  -2.3871281254951751E-003
  -2.3238218871547050E-003
  -2.2530390570859693E-003
  -2.1511475956296710E-003
  -2.0731679266293209E-003
  -2.0548494328226333E-003
  -2.0386816200565669E-003
  -1.9691172709771702E-003
  -1.8946457598258172E-003
  -1.8857451022499601E-003
  -1.9069287885359291E-003
  -1.8749807612825201E-003
  -1.8049789405052200E-003
  -1.7830486844159620E-003
  -1.8137537179884170E-003
  -1.8147755536263891E-003
  -1.7640344653050619E-003
  -1.7331089305593810E-003
  -1.7545895933715242E-003
  -1.7688607331157501E-003
  -1.7382682049385961E-003
  -1.7112010307026779E-003
  -1.7256859482170559E-003
  -1.7412730814908072E-003
  -1.7210142233826779E-003
  -1.6996863964899959E-003
  -1.7123702502005891E-003
  -1.7278556567427901E-003
  -1.7129808790383441E-003
  -1.6970171286645741E-003
  -1.7110459921682360E-003
  -1.7252551679527981E-003
  -1.7093184242735621E-003
  -1.6958206611820481E-003
  -1.7174072162304710E-003
  -1.7379837052765490E-003
  -1.7181819971187101E-003
  -1.6952695858503579E-003
  -1.7188224791595090E-003
  -1.7554431582258111E-003
  -1.7447774118605659E-003
  -1.7104518141585010E-003
  -1.7205231429518019E-003
  -1.7654335958139850E-003
  -1.7750620903134301E-003
  -1.7438305177745251E-003
  -1.7379421581821140E-003
  -1.7760619676567479E-003
  -1.8004493499565771E-003
  -1.7834298834724361E-003
  -1.7721996744080571E-003
  -1.7990700267594391E-003
  -1.8274028644626682E-003
  -1.8239883831679480E-003
  -1.8164012254538692E-003
  -1.8363473038772069E-003
  -1.8633882573820032E-003
  -1.8686953544564660E-003
  -1.8676029556606319E-003
  -1.8856819104687132E-003
  -1.9111206759199919E-003
  -1.9215803653209180E-003
  -1.9266439933662131E-003
  -1.9458262464239380E-003
  -1.9709562112646402E-003
  -1.9849210460648830E-003
  -1.9950393550860752E-003
  -2.0164392069679099E-003
  -2.0422711631600129E-003
  -2.0589378737143867E-003
  -2.0728884678310510E-003
  -2.0962981445233051E-003
  -2.1227349574318610E-003
  -2.1408423281377071E-003
  -2.1565992488074407E-003
  -2.1800598946846270E-003
  -2.2048003201914101E-003
  -2.2208184673545620E-003
  -2.2335545143553500E-003
  -2.2511758813827300E-003
  -2.2667859644416831E-003
  -2.2708675787127598E-003
  -2.2677843121069793E-003
  -2.2632837771887969E-003
  -2.2488340013558611E-003
  -2.2137835364298510E-003
  -2.1596809272155090E-003
  -2.0876128320382993E-003
  -1.9841409577112260E-003
  -1.8331969838196579E-003
  -1.6282260119882830E-003
  -1.3588224717662920E-003
  -9.9780004484829204E-004
  -5.1298339356794088E-004
   1.2233656435898819E-004
   9.4245463344980651E-004
   1.9979628244874018E-003
   3.3372891976402529E-003
   4.9865751993121337E-003
   6.9457894717715636E-003
   9.1729263938841957E-003
   1.1544864727532871E-002
   1.3841266519806191E-002
   1.5788549394729540E-002
   1.7137567877202210E-002
   1.7732932701747677E-002
   1.7559128918865061E-002
   1.6745406394613960E-002
   1.5506924031958951E-002
   1.4054336608893570E-002
   1.2545282904696980E-002
   1.1092006377920790E-002
   9.7692163874201644E-003
   8.6031071009196793E-003
   7.5838072251163272E-003
   6.7032051444720579E-003
   5.9617735336634416E-003
   5.3412261635529187E-003
   4.8073906093221343E-003
   4.3474822430836120E-003
   3.9695205547688643E-003
   3.6600292772708811E-003
   3.3843786426288680E-003
   3.1366103813824250E-003
   2.9406988880236180E-003
   2.7908490854386997E-003
   2.6453479811291542E-003
   2.4969457838694650E-003
   2.3871281254951751E-003
   2.3238218871547050E-003
   2.2530390570859693E-003
   2.1511475956296710E-003
   2.0731679266293209E-003
   2.0548494328226333E-003
   2.0386816200565669E-003
   1.9691172709771702E-003
   1.8946457598258172E-003
   1.8857451022499601E-003
   1.9069287885359291E-003
   1.8749807612825201E-003
   1.8049789405052200E-003
   1.7830486844159620E-003
   1.8137537179884170E-003
   1.8147755536263891E-003
   1.7640344653050619E-003
   1.7331089305593810E-003
   1.7545895933715242E-003
   1.7688607331157501E-003
   1.7382682049385961E-003
   1.7112010307026779E-003
   1.7256859482170559E-003
   1.7412730814908072E-003
   1.7210142233826779E-003
   1.6996863964899959E-003
   1.7123702502005891E-003
   1.7278556567427901E-003
   1.7129808790383441E-003
   1.6970171286645741E-003
   1.7110459921682360E-003
   1.7252551679527981E-003
   1.7093184242735621E-003
   1.6958206611820481E-003
   1.7174072162304710E-003
   1.7379837052765490E-003
   1.7181819971187101E-003
   1.6952695858503579E-003
   1.7188224791595090E-003
   1.7554431582258111E-003
   1.7447774118605659E-003
   1.7104518141585010E-003
   1.7205231429518019E-003
   1.7654335958139850E-003
   1.7750620903134301E-003
   1.7438305177745251E-003
   1.7379421581821140E-003
   1.7760619676567479E-003
   1.8004493499565771E-003
   1.7834298834724361E-003
   1.7721996744080571E-003
   1.7990700267594391E-003
   1.8274028644626682E-003
   1.8239883831679480E-003
   1.8164012254538692E-003
   1.8363473038772069E-003
   1.8633882573820032E-003
   1.8686953544564660E-003
   1.8676029556606319E-003
   1.8856819104687132E-003
   1.9111206759199919E-003
   1.9215803653209180E-003
