  0.29162829040456001     
  0.29643534909417019     
  0.30139166614946727     
  0.30650318228327461     
  0.31177634160023698     
  0.31721813619000983     
  0.32283611105284460     
  0.32863840094203450     
  0.33463380621990191     
  0.34083185955151768     
  0.34724287191502878     
  0.35387798107168389     
  0.36074921886156058     
  0.36786960083557962     
  0.37525321441797588     
  0.38291526896394801     
  0.39087213344919802     
  0.39914142419185422     
  0.40774209701903258     
  0.41669442659323003     
  0.42601990204331391     
  0.43574115845356010     
  0.44588184386581492     
  0.45646616897250802     
  0.46751813023120459     
  0.47906052812948968     
  0.49111349704977980     
  0.50369196967848961     
  0.51680182430853305     
  0.53043456046091242     
  0.54455959215860261     
  0.55911272627517428     
  0.57397990374669172     
  0.58897560632881563     
  0.60381495691260612     
  0.61807988511556378     
  0.63118470379639591     
  0.64235361696008320     
  0.65063062916026204     
  0.65494961324826917     
  0.65428840918828990     
  0.64789794094678832     
  0.63553806759146836     
  0.61761021741946220     
  0.59510534461395370     
  0.56938098988937091     
  0.54187148115137973     
  0.51385012170840483     
  0.48630381106702619     
  0.45991075022398731     
  0.43507973181760068     
  0.41201327705428309     
  0.39077106452970922     
  0.37132163693510589     
  0.35357952981996871     
  0.33743078266908061     
  0.32275017173046949     
  0.30941168315661222     
  0.29729394547926319     
  0.28628321562030051     
  0.27627527281946468     
  0.26717591831210458     
  0.25890027569746471     
  0.25137210148293049     
  0.24452348659992049     
  0.23829417727835481     
  0.23263039609984440     
  0.22748402527069619     
  0.22281232895266381     
  0.21857743199044219     
  0.21474540404223949     
  0.21128569653355300     
  0.20817107578845309     
  0.20537733467320421     
  0.20288262835911081     
  0.20066710126788501     
  0.19871295101418210     
  0.19700429498019359     
  0.19552668573699111     
  0.19426685876808419     
  0.19321285415980990     
  0.19235396426479179     
  0.19168037052880879     
  0.19118297557644459     
  0.19085354958474751     
  0.19068471262536391     
  0.19066964572587311     
  0.19080198101972609     
  0.19107596229335000     
  0.19148644408929019     
  0.19202864726249649     
  0.19269808350340220     
  0.19349072125697789     
  0.19440299568212860     
  0.19543159530235249     
  0.19657340618063979     
  0.19782567584298749     
  0.19918603055488171     
  0.20065228551789899     
  0.20222239856700430     
  0.20389462707956379     
  0.20566755388685609     
  0.20753992088580159     
  0.20951058466643330     
  0.21157865631976339     
  0.21374353396672241     
  0.21600476722330320     
  0.21836201956473769     
  0.22081518318829790     
  0.22336440556733081     
  0.22600998410877901     
  0.22875234749590051     
  0.23159215274400341     
  0.23453029665888819     
  0.23756782816168251     
  0.24070595086338761     
  0.24394611579781170     
  0.24729002287998109     
  0.25073954138825427     
  0.25429672526338593     
  0.25796390715296952     
  0.26174370122303031     
  0.26563893309413900     
  0.26965266003496602     
  0.27378826405316781     
  0.27804946423810778     
  0.28244026330374378     
  0.28696497054464581     
  0.29162829040456001     
  0.29643534909417019     
  0.30139166614946727     
  0.30650318228327461     
  0.31177634160023698     
  0.31721813619000983     
  0.32283611105284460     
  0.32863840094203450     
  0.33463380621990191     
  0.34083185955151768     
  0.34724287191502878     
  0.35387798107168389     
  0.36074921886156058     
  0.36786960083557962     
  0.37525321441797588     
  0.38291526896394801     
  0.39087213344919802     
  0.39914142419185422     
  0.40774209701903258     
  0.41669442659323003     
  0.42601990204331391     
  0.43574115845356010     
  0.44588184386581492     
  0.45646616897250802     
  0.46751813023120459     
  0.47906052812948968     
  0.49111349704977980     
  0.50369196967848961     
  0.51680182430853305     
  0.53043456046091242     
  0.54455959215860261     
  0.55911272627517428     
  0.57397990374669172     
  0.58897560632881563     
  0.60381495691260612     
  0.61807988511556378     
  0.63118470379639591     
  0.64235361696008320     
  0.65063062916026204     
  0.65494961324826917     
  0.65428840918828990     
  0.64789794094678832     
  0.63553806759146836     
  0.61761021741946220     
  0.59510534461395370     
  0.56938098988937091     
  0.54187148115137973     
  0.51385012170840483     
  0.48630381106702619     
  0.45991075022398731     
  0.43507973181760068     
  0.41201327705428309     
  0.39077106452970922     
  0.37132163693510589     
  0.35357952981996871     
  0.33743078266908061     
  0.32275017173046949     
  0.30941168315661222     
  0.29729394547926319     
  0.28628321562030051     
  0.27627527281946468     
  0.26717591831210458     
  0.25890027569746471     
  0.25137210148293049     
  0.24452348659992049     
  0.23829417727835481     
  0.23263039609984440     
  0.22748402527069619     
  0.22281232895266381     
  0.21857743199044219     
  0.21474540404223949     
  0.21128569653355300     
  0.20817107578845309     
  0.20537733467320421     
  0.20288262835911081     
  0.20066710126788501     
  0.19871295101418210     
  0.19700429498019359     
  0.19552668573699111     
  0.19426685876808419     
  0.19321285415980990     
  0.19235396426479179     
  0.19168037052880879     
  0.19118297557644459     
  0.19085354958474751     
  0.19068471262536391     
  0.19066964572587311     
  0.19080198101972609     
  0.19107596229335000     
  0.19148644408929019     
  0.19202864726249649     
  0.19269808350340220     
  0.19349072125697789     
  0.19440299568212860     
  0.19543159530235249     
  0.19657340618063979     
  0.19782567584298749     
  0.19918603055488171     
  0.20065228551789899     
  0.20222239856700430     
  0.20389462707956379     
  0.20566755388685609     
  0.20753992088580159     
  0.20951058466643330     
  0.21157865631976339     
  0.21374353396672241     
  0.21600476722330320     
  0.21836201956473769     
  0.22081518318829790     
  0.22336440556733081     
  0.22600998410877901     
  0.22875234749590051     
  0.23159215274400341     
  0.23453029665888819     
  0.23756782816168251     
  0.24070595086338761     
  0.24394611579781170     
  0.24729002287998109     
  0.25073954138825427     
  0.25429672526338593     
  0.25796390715296952     
  0.26174370122303031     
  0.26563893309413900     
  0.26965266003496602     
  0.27378826405316781     
  0.27804946423810778     
  0.28244026330374378     
  0.28696497054464581     
