   1.9266439933662129     
   1.9458262464239380     
   1.9709562112646399     
   1.9849210460648830     
   1.9950393550860750     
   2.0164392069679100     
   2.0422711631600130     
   2.0589378737143869     
   2.0728884678310511     
   2.0962981445233049     
   2.1227349574318608     
   2.1408423281377069     
   2.1565992488074408     
   2.1800598946846268     
   2.2048003201914099     
   2.2208184673545621     
   2.2335545143553501     
   2.2511758813827298     
   2.2667859644416830     
   2.2708675787127599     
   2.2677843121069792     
   2.2632837771887968     
   2.2488340013558612     
   2.2137835364298510     
   2.1596809272155091     
   2.0876128320382992     
   1.9841409577112259     
   1.8331969838196580     
   1.6282260119882830     
   1.3588224717662920     
  0.99780004484829210     
  0.51298339356794087     
 -0.12233656435898820     
 -0.94245463344980651     
  -1.9979628244874019     
  -3.3372891976402528     
  -4.9865751993121332     
  -6.9457894717715636     
  -9.1729263938841950     
  -11.544864727532870     
  -13.841266519806190     
  -15.788549394729539     
  -17.137567877202208     
  -17.732932701747679     
  -17.559128918865060     
  -16.745406394613958     
  -15.506924031958951     
  -14.054336608893570     
  -12.545282904696981     
  -11.092006377920789     
  -9.7692163874201636     
  -8.6031071009196793     
  -7.5838072251163267     
  -6.7032051444720580     
  -5.9617735336634414     
  -5.3412261635529186     
  -4.8073906093221339     
  -4.3474822430836122     
  -3.9695205547688639     
  -3.6600292772708811     
  -3.3843786426288678     
  -3.1366103813824249     
  -2.9406988880236180     
  -2.7908490854386998     
  -2.6453479811291540     
  -2.4969457838694651     
  -2.3871281254951748     
  -2.3238218871547049     
  -2.2530390570859691     
  -2.1511475956296708     
  -2.0731679266293210     
  -2.0548494328226332     
  -2.0386816200565669     
  -1.9691172709771700     
  -1.8946457598258171     
  -1.8857451022499601     
  -1.9069287885359290     
  -1.8749807612825200     
  -1.8049789405052199     
  -1.7830486844159621     
  -1.8137537179884169     
  -1.8147755536263890     
  -1.7640344653050619     
  -1.7331089305593810     
  -1.7545895933715241     
  -1.7688607331157500     
  -1.7382682049385960     
  -1.7112010307026779     
  -1.7256859482170559     
  -1.7412730814908071     
  -1.7210142233826780     
  -1.6996863964899960     
  -1.7123702502005891     
  -1.7278556567427901     
  -1.7129808790383441     
  -1.6970171286645741     
  -1.7110459921682359     
  -1.7252551679527981     
  -1.7093184242735620     
  -1.6958206611820481     
  -1.7174072162304710     
  -1.7379837052765490     
  -1.7181819971187100     
  -1.6952695858503579     
  -1.7188224791595090     
  -1.7554431582258110     
  -1.7447774118605659     
  -1.7104518141585010     
  -1.7205231429518020     
  -1.7654335958139851     
  -1.7750620903134300     
  -1.7438305177745250     
  -1.7379421581821139     
  -1.7760619676567480     
  -1.8004493499565770     
  -1.7834298834724360     
  -1.7721996744080570     
  -1.7990700267594391     
  -1.8274028644626681     
  -1.8239883831679480     
  -1.8164012254538691     
  -1.8363473038772069     
  -1.8633882573820031     
  -1.8686953544564660     
  -1.8676029556606319     
  -1.8856819104687130     
  -1.9111206759199919     
  -1.9215803653209180     
  -1.9266439933662129     
  -1.9458262464239380     
  -1.9709562112646399     
  -1.9849210460648830     
  -1.9950393550860750     
  -2.0164392069679100     
  -2.0422711631600130     
  -2.0589378737143869     
  -2.0728884678310511     
  -2.0962981445233049     
  -2.1227349574318608     
  -2.1408423281377069     
  -2.1565992488074408     
  -2.1800598946846268     
  -2.2048003201914099     
  -2.2208184673545621     
  -2.2335545143553501     
  -2.2511758813827298     
  -2.2667859644416830     
  -2.2708675787127599     
  -2.2677843121069792     
  -2.2632837771887968     
  -2.2488340013558612     
  -2.2137835364298510     
  -2.1596809272155091     
  -2.0876128320382992     
  -1.9841409577112259     
  -1.8331969838196580     
  -1.6282260119882830     
  -1.3588224717662920     
 -0.99780004484829210     
 -0.51298339356794087     
  0.12233656435898820     
  0.94245463344980651     
   1.9979628244874019     
   3.3372891976402528     
   4.9865751993121332     
   6.9457894717715636     
   9.1729263938841950     
   11.544864727532870     
   13.841266519806190     
   15.788549394729539     
   17.137567877202208     
   17.732932701747679     
   17.559128918865060     
   16.745406394613958     
   15.506924031958951     
   14.054336608893570     
   12.545282904696981     
   11.092006377920789     
   9.7692163874201636     
   8.6031071009196793     
   7.5838072251163267     
   6.7032051444720580     
   5.9617735336634414     
   5.3412261635529186     
   4.8073906093221339     
   4.3474822430836122     
   3.9695205547688639     
   3.6600292772708811     
   3.3843786426288678     
   3.1366103813824249     
   2.9406988880236180     
   2.7908490854386998     
   2.6453479811291540     
   2.4969457838694651     
   2.3871281254951748     
   2.3238218871547049     
   2.2530390570859691     
   2.1511475956296708     
   2.0731679266293210     
   2.0548494328226332     
   2.0386816200565669     
   1.9691172709771700     
   1.8946457598258171     
   1.8857451022499601     
   1.9069287885359290     
   1.8749807612825200     
   1.8049789405052199     
   1.7830486844159621     
   1.8137537179884169     
   1.8147755536263890     
   1.7640344653050619     
   1.7331089305593810     
   1.7545895933715241     
   1.7688607331157500     
   1.7382682049385960     
   1.7112010307026779     
   1.7256859482170559     
   1.7412730814908071     
   1.7210142233826780     
   1.6996863964899960     
   1.7123702502005891     
   1.7278556567427901     
   1.7129808790383441     
   1.6970171286645741     
   1.7110459921682359     
   1.7252551679527981     
   1.7093184242735620     
   1.6958206611820481     
   1.7174072162304710     
   1.7379837052765490     
   1.7181819971187100     
   1.6952695858503579     
   1.7188224791595090     
   1.7554431582258110     
   1.7447774118605659     
   1.7104518141585010     
   1.7205231429518020     
   1.7654335958139851     
   1.7750620903134300     
   1.7438305177745250     
   1.7379421581821139     
   1.7760619676567480     
   1.8004493499565770     
   1.7834298834724360     
   1.7721996744080570     
   1.7990700267594391     
   1.8274028644626681     
   1.8239883831679480     
   1.8164012254538691     
   1.8363473038772069     
   1.8633882573820031     
   1.8686953544564660     
   1.8676029556606319     
   1.8856819104687130     
   1.9111206759199919     
   1.9215803653209180     
