0.0009999999999999994	2.2997788083066717
0.0034972499999999995	2.297604458914813
0.0059945	2.2953744994279166
0.00849175	2.293088929845982
0.010989	2.2907477501690092
0.01348625	2.2883509603969987
0.015983499999999998	2.28589856052995
0.018480750000000004	2.2833905505678636
0.020978	2.280826930510739
0.02347525	2.2782553095205116
0.025972500000000003	2.275614872821726
0.028469750000000002	2.272905136966375
0.030966999999999998	2.270126101954458
0.03346425	2.267277767785976
0.03596150000000001	2.2643601344609285
0.03845875	2.261373201979316
0.040956000000000006	2.2583169703411374
0.043453250000000006	2.2551115982248566
0.0459505	2.2518584247687774
0.048447750000000005	2.2485590857581625
0.050945000000000004	2.245213581193013
0.05344225	2.2418219110733286
0.0559395	2.2383840753991087
0.05843675	2.234900074170354
0.060933999999999995	2.231369907387064
0.06343125	2.227595981795751
0.06592850000000001	2.2238274615592815
0.06842575000000001	2.220070473092116
0.07092300000000001	2.216325016394254
0.07342024999999999	2.212591091465696
0.0759175	2.208868698306442
0.07841474999999999	2.205157836916491
0.08091200000000001	2.2014585072958446
0.08340925	2.198070992401362
0.08590650000000001	2.194619161675733
0.08840375	2.191090489943123
0.090901	2.187484977203532
0.09339825	2.1838026234569594
0.09589550000000001	2.180043428703406
0.09839275	2.176207392942872
0.10089000000000001	2.1722945161753566
0.10338725	2.167996992671954
0.10588449999999999	2.1636977414123995
0.10838175	2.1594129564804745
0.110879	2.1551426378761787
0.11337625	2.1508867855995124
0.1158735	2.1466453996504753
0.11837075	2.1424184800290673
0.120868	2.1382060267352885
0.12336525	2.1340796590718654
0.1258625	2.1299509047032688
0.12835975	2.1258152006913384
0.13085700000000003	2.121672547036074
0.13335425	2.117522943737476
0.13585150000000001	2.1133663907955436
0.13834875	2.1092028882102776
0.14084600000000003	2.1050324359816774
0.14334325000000003	2.100891917465664
0.14584049999999998	2.096736097412518
0.14833775	2.0925622089888307
0.150835	2.088370252194603
0.15333225	2.084160227029834
0.1558295	2.0799321334945238
0.15832675	2.0756859715886726
0.16082400000000002	2.0714217413122804
0.16332125	2.066672446313203
0.1658185	2.062006609533999
0.16831575	2.057464640872655
0.17081300000000002	2.0530465403291713
0.17331025000000003	2.0487523079035475
0.1758075	2.044581943595784
0.17830474999999998	2.0405354474058806
0.180802	2.036612819333837
0.18329925	2.033576931693006
0.1857965	2.0305060841422105
0.18829374999999998	2.0273253135796807
0.19079100000000002	2.0240346200054162
0.19328825	2.0206340034194183
0.1957855	2.0171234638216857
0.19828275000000004	2.0135030012122193
0.20078000000000001	2.0097726155910185
0.20327725000000002	2.0048846194753804
0.2057745	2.0000949992996584
0.20827175000000003	1.9955192316045152
0.210769	1.9911573163899512
0.21326625	1.9870092536559663
0.2157635	1.9830750434025606
0.21826075	1.9793546856297337
0.220758	1.975848180337486
0.22325525	1.9735850011018923
0.2257525	1.9713408365879481
0.22824975000000003	1.9689896726167944
0.230747	1.9665315091884317
0.23324425000000001	1.9639663463028596
0.2357415	1.9612941839600782
0.23823875000000003	1.9585150221600875
0.240736	1.9556288609028878
0.24323324999999998	1.9516242405022832
0.2457305	1.9476941952711355
0.24822775	1.943975099450729
0.250725	1.9404669530410636
0.25322225000000004	1.9371697560421397
0.2557195	1.934083508453957
0.25821675	1.9312082102765156
0.26071400000000006	1.9285438615098152
0.26321125	1.9270083397914222
0.2657085	1.92552810850875
0.26820575	1.9239677847140666
0.270703	1.9223273684073718
0.27320025000000003	1.9206068595886656
0.2756975	1.9188062582579484
0.27819475000000005	1.9169255644152194
0.28069200000000005	1.9149647780604793
0.28318925	1.91235887747071
0.28568650000000007	1.9097629821155022
0.28818375	1.9072677289798186
0.29068099999999997	1.9048731180636593
0.29317825	1.9025791493670239
0.2956755	1.9003858228899126
0.29817275	1.8982931386323256
0.30067	1.8963010965942628
0.30316725	1.8945392001260455
0.3056645	1.8928586329261323
0.30816174999999996	1.8912369145450778
0.310659	1.8896740449828822
0.31315625	1.8881700242395454
0.3156535	1.8867248523150675
0.31815075	1.8853385292094484
0.32064800000000004	1.884011054922688
0.32314525	1.8829033541366431
0.3256425	1.881832198727628
0.32813975000000006	1.8807674904811817
0.330637	1.8797092293973043
0.33313425	1.8786574154759954
0.3356315	1.8776120487172554
0.33812875000000003	1.876573129121084
0.34062600000000004	1.8755406566874817
0.34312325	1.874392365708935
0.34562050000000005	1.8732661531160424
0.34811775000000006	1.8721865638993893
0.350615	1.871153598058976
0.35311225	1.870167255594802
0.35560949999999997	1.8692275365068676
0.35810675	1.8683344407951725
0.360604	1.8674879684597172
0.36310125	1.866734969179164
0.3655985	1.8660231176441944
0.36809575	1.8653423527336912
0.370593	1.8646926744476546
0.37309025	1.8640740827860844
0.37558749999999996	1.8634865777489809
0.37808475	1.8629301593363436
0.38058200000000003	1.8624048275481728
0.38307925	1.8619647854655277
0.3855765	1.8615501018655787
0.38807375000000005	1.8611483616385625
0.390571	1.8607595647844792
0.39306825	1.8603837113033288
0.39556550000000007	1.8600208011951112
0.39806275	1.8596708344598263
0.40056	1.8593338110974744
0.40305725	1.8590138213435705
0.40555450000000004	1.858706389469976
0.40805175000000005	1.858410518911288
0.410549	1.8581262096675064
0.41304625000000006	1.857853461738631
0.41554350000000007	1.857592275124662
0.41804074999999996	1.8573426498255994
0.420538	1.857104585841443
0.42303525	1.8567838170492157
0.4255325	1.8564823933428651
0.42802975	1.8562246875973365
0.430527	1.8560106998126296
0.43302425	1.855840429988744
0.4355215	1.8557138781256806
0.43801875	1.8556310442234387
0.440516	1.8555919282820186
0.44301325	1.855754009556382
0.4455105	1.8559486833443615
0.44800775000000004	1.8561328341809773
0.450505	1.8563064620662295
0.45300225	1.856469567000118
0.45549950000000006	1.8566221489826429
0.45799675	1.856764208013804
0.460494	1.8568957440936014
0.4629912500000001	1.8570239431802011
0.4654885	1.8571411992026807
0.46798575000000003	1.8572454329106267
0.470483	1.8573366443040393
0.47298025000000005	1.8574148333829184
0.47547750000000005	1.8574800001472638
0.47797475	1.857532144597076
0.480472	1.8575712667323547
0.48296925	1.8574478785184811
0.48546649999999997	1.8573183461515785
0.48796375000000003	1.8572283019304534
0.490461	1.8571777458551053
0.49295825	1.8571666779255342
0.4954555	1.8571950981417407
0.49795275	1.8572630065037241
0.50045	1.8573704030114848
0.5029472500000001	1.8575503346161968
0.5054445000000001	1.8577686544550558
0.5079417500000001	1.8580147372370388
0.510439	1.8582885829621463
0.51293625	1.858590191630378
0.5154335	1.858919563241734
0.51793075	1.8592766977962143
0.5204280000000001	1.859661595293819
0.52292525	1.8601917110340116
0.5254225	1.8607472090087644
0.5279197499999999	1.8612883713682171
0.530417	1.86181519811237
0.5329142499999999	1.862327689241223
0.5354115	1.8628258447547759
0.53790875	1.863309664653029
0.540406	1.8637791489359818
0.54290325	1.8641504331448315
0.5454005000000001	1.864507965333612
0.54789775	1.864881531261705
0.550395	1.8652711309291108
0.5528922500000001	1.8656767643358292
0.5553895000000001	1.8660984314818603
0.55788675	1.866536132367204
0.5603840000000001	1.8669898669918605
0.56288125	1.867451026031708
0.5653785	1.8679281614907555
0.56787575	1.8684244809632828
0.5703730000000001	1.8689399844492904
0.57287025	1.869474671948778
0.5753675	1.870028543461746
0.57786475	1.8706015989881941
0.5803619999999999	1.8711938385281222
0.5828592499999999	1.8719109738266375
0.5853565000000001	1.872649469948614
0.5878537500000001	1.8733680584114452
0.590351	1.874066739215131
0.5928482500000001	1.8747455123596717
0.5953455	1.875404377845067
0.59784275	1.8760433356713173
0.60034	1.8766623858384222
0.6028372500000001	1.8771537652045416
0.6053345	1.8776214808578249
0.6078317500000001	1.8781095674571429
0.610329	1.8786180250024958
0.61282625	1.8791468534938833
0.6153234999999999	1.8796960529313056
0.61782075	1.880265623314763
0.620318	1.8808555646442549
0.62281525	1.8815147346674965
0.6253125	1.8821966920534001
0.62780975	1.8828805598750529
0.630307	1.8835663381324554
0.6328042500000001	1.8842540268256074
0.6353015	1.8849436259545087
0.6377987500000001	1.8856351355191596
0.6402960000000001	1.8863285555195601
0.64279325	1.8870345805344813
0.6452905	1.887743204876165
0.64778775	1.8884496541607512
0.650285	1.889153928388239
0.6527822499999999	1.889856027558629
0.6552795000000001	1.8905559516719208
0.65777675	1.8912537007281147
0.660274	1.8919492747272106
0.6627712499999999	1.8926039837130584
0.6652685	1.893253432574451
0.6677657499999999	1.8939156520534224
0.670263	1.8945906421499727
0.6727602500000001	1.8952784028641017
0.6752575000000001	1.8959789341958093
0.67775475	1.8966922361450957
0.6802520000000001	1.897418308711961
0.68274925	1.898213230103008
0.6852465	1.89902627431228
0.6877437500000001	1.8998301804921842
0.6902410000000001	1.9006249486427198
0.69273825	1.901410578763887
0.6952355000000001	1.9021870708556863
0.69773275	1.902954424918117
0.70023	1.9037126409511795
0.70272725	1.9044133697303165
0.7052245	1.9050995676027045
0.70772175	1.9057957340909026
0.7102189999999999	1.9065018691949112
0.71271625	1.90721797291473
0.7152135	1.9079440452503589
0.71771075	1.9086800862017983
0.720208	1.9094260957690479
0.7227052500000001	1.9102137997580912
0.7252025	1.911015534809025
0.7276997500000001	1.9118145545945626
0.730197	1.912610859114704
0.73269425	1.9134044483694492
0.7351915	1.914195322358798
0.7376887500000001	1.9149834810827506
0.740186	1.915768924541307
0.7426832500000001	1.9165337828824607
0.7451805	1.9172933351259616
0.74767775	1.9180574010995604
0.7501749999999999	1.9188259808032566
0.75267225	1.9195990742370508
0.7551695	1.9203766814009424
0.75766675	1.9211588022949317
0.7601640000000001	1.9219454369190188
0.7626612500000001	1.9227502217042935
0.7651585	1.9235617342499267
0.7676557500000001	1.9243721777517842
0.770153	1.925181552209866
0.77265025	1.9259898576241725
0.7751475000000001	1.9267970939947032
0.77764475	1.9276032613214584
0.780142	1.928408359604438
0.78263925	1.9292016791280375
0.7851365	1.929991999711913
0.7876337499999999	1.9307856893446997
0.7901310000000001	1.9315827480263976
0.79262825	1.932383175757007
0.7951255	1.9331869725365274
0.7976227499999999	1.933994138364959
0.80012	1.9348046732423019
0.80261725	1.9356305514928
0.8051145	1.9364621759286345
0.8076117500000001	1.9372921457860741
0.8101090000000001	1.9381204610651186
0.81260625	1.9389471217657681
0.8151035000000001	1.939772127888023
0.81760075	1.9405954794318827
0.820098	1.9414171763973473
0.8225952500000001	1.942228516312416
0.8250925000000001	1.943036310269264
0.82758975	1.9438461465502272
0.8300870000000001	1.9446580251553056
0.83258425	1.945471946084499
0.8350814999999999	1.9462879093378074
0.83757875	1.9471059149152308
0.840076	1.9479259628167693
0.84257325	1.9487511722893327
0.8450705	1.9495791623423788
0.8475677500000001	1.9504078527047297
0.850065	1.9512372433763854
0.85256225	1.952067334357346
0.8550595	1.9528981256476114
0.8575567500000001	1.9537296172471819
0.860054	1.9545618091560568
0.8625512500000001	1.9553963298435224
0.8650485	1.9562319686407619
0.86754575	1.9570675980308578
0.870043	1.9579032180138096
0.87254025	1.958738828589618
0.8750375	1.959574429758282
0.8775347500000001	1.9604100215198026
0.880032	1.961245603874179
0.88252925	1.962080540583638
0.8850265	1.9629152916422867
0.8875237500000001	1.9637503142317811
0.8900210000000001	1.964585608352121
0.8925182500000001	1.965421174003306
0.8950155000000001	1.9662570111853368
0.89751275	1.967093119898213
0.90001	1.9679295001419346
0.90250725	1.9687660675344851
0.9050045	1.9696028813078865
0.90750175	1.9704400043708434
0.9099990000000001	1.9712774367233559
0.91249625	1.9721151783654234
0.9149935	1.9729532292970464
0.91749075	1.9737915895182248
0.919988	1.9746302590289584
0.9224852499999999	1.9754692789108674
0.9249825000000002	1.9763086212164072
0.92747975	1.9771482541784418
0.929977	1.9779881777969717
0.93247425	1.9788283920719967
0.9349715000000001	1.979668897003517
0.93746875	1.9805096925915324
0.939966	1.981350778836043
0.9424632500000001	1.9821926553408253
0.9449605000000001	1.9830349933715172
0.94745775	1.9838773923234603
0.9499550000000001	1.9847198521966543
0.95245225	1.9855623729910992
0.9549495	1.9864049547067952
0.95744675	1.9872475973437422
0.959944	1.9880903009019402
0.96244125	1.9889330653813893
0.9649385	1.9897758907820893
0.96743575	1.9906187771040402
0.9699329999999999	1.9914617243472423
0.97243025	1.9923047325116954
0.9749275000000001	1.9931478015973993
0.9774247500000001	1.9939909316043543
0.979922	1.9948341225325603
0.9824192500000001	1.9956773743820175
0.9849165	1.9965206871527255
0.98741375	1.9973640608446845
0.989911	1.9982074954578946
0.9924082500000001	1.9990509909923557
0.9949055	1.9998945474480676
0.9974027500000001	2.0007381648250306
0.9999	2.001581843123245