   3.5534433125071702E-004
   3.5448104316147724E-004
   3.5349501476732192E-004
   3.5238717205141263E-004
   3.5115818646943680E-004
   3.4980857933931340E-004
   3.4833867471404729E-004
   3.4674850719115151E-004
   3.4503787046474724E-004
   3.4320643214236527E-004
   3.4125371801882324E-004
   3.3917900675001152E-004
   3.3698134008414588E-004
   3.3465964536937595E-004
   3.3221276243699074E-004
   3.2963933596645773E-004
   3.2693777438319886E-004
   3.2410635849624219E-004
   3.2114331881049100E-004
   3.1804675746297624E-004
   3.1481456262784542E-004
   3.1144447097621058E-004
   3.0793417415509074E-004
   3.0428129696016441E-004
   3.0048330339531402E-004
   2.9653750357430821E-004
   2.9244115071679273E-004
   2.8819146965165739E-004
   2.8378559117472879E-004
   2.7922052692304827E-004
   2.7449323541131832E-004
   2.6960067316599912E-004
   2.6453976782991304E-004
   2.5930739219667083E-004
   2.5390040553311213E-004
   2.4831570651816638E-004
   2.4255023524476018E-004
   2.3660096304436591E-004
   2.3046492635284200E-004
   2.2413927787285772E-004
   2.1762130641810702E-004
   2.1090844509577382E-004
   2.0399831014943659E-004
   1.9688875544245820E-004
   1.8957790569245109E-004
   1.8206418099339918E-004
   1.7434634563756702E-004
   1.6642357026497409E-004
   1.5829547697398719E-004
   1.4996217698207709E-004
   1.4142432887186620E-004
   1.3268320815139971E-004
   1.2374076058120512E-004
   1.1459964670247090E-004
   1.0526330309160760E-004
   9.5736012301428030E-005
   8.6022954734847859E-005
   7.6130247665506123E-005
   6.6064995726500747E-005
   5.5835346078415894E-005
   4.5450521257737020E-005
   3.4920832749403781E-005
   2.4257699557225748E-005
   1.3473666674763871E-005
   2.5823957487134261E-006
  -8.4013708490041794E-006
  -1.9461846733696218E-005
  -3.0582241281209848E-005
  -4.1744830960313002E-005
  -5.2931062453307322E-005
  -6.4121658255749243E-005
  -7.5296722412569102E-005
  -8.6435875789049512E-005
  -9.7518422943839020E-005
  -1.0852351619987601E-004
  -1.1943030799546441E-004
  -1.3021812263711168E-004
  -1.4086665368143281E-004
  -1.5135614729577351E-004
  -1.6166755435257420E-004
  -1.7178268576362852E-004
  -1.8168438635982159E-004
  -1.9135668437762952E-004
  -2.0078488885041378E-004
  -2.0995567372519470E-004
  -2.1885717962042789E-004
  -2.2747909079122100E-004
  -2.3581264533387411E-004
  -2.4385061930382409E-004
  -2.5158733765175064E-004
  -2.5901867583587215E-004
  -2.6614198998282620E-004
  -2.7295600957984162E-004
  -2.7946077181058022E-004
  -2.8565757737703104E-004
  -2.9154888062759085E-004
  -2.9713812592187575E-004
  -3.0242963479185032E-004
  -3.0742855499930400E-004
  -3.1214076137155329E-004
  -3.1657267822271171E-004
  -3.2073114321253991E-004
  -3.2462337391297389E-004
  -3.2825691971105658E-004
  -3.3163950808749141E-004
  -3.3477889619140411E-004
  -3.3768285327891466E-004
  -3.4035918134476780E-004
  -3.4281561581276634E-004
  -3.4505967043783821E-004
  -3.4709861270962512E-004
  -3.4893954418161973E-004
  -3.5058937834467406E-004
  -3.5205469218843138E-004
  -3.5334166592250373E-004
  -3.5445618846375487E-004
  -3.5540392079865007E-004
  -3.5619018256834899E-004
  -3.5681984371981865E-004
  -3.5729740593574890E-004
  -3.5762713287939256E-004
  -3.5781300430613261E-004
  -3.5785857954315469E-004
  -3.5776701709692174E-004
  -3.5754122537343222E-004
  -3.5718389390878571E-004
  -3.5669736981062326E-004
  -3.5608361506188981E-004
  -3.5534433125071702E-004
  -3.5448104316147724E-004
  -3.5349501476732192E-004
  -3.5238717205141263E-004
  -3.5115818646943680E-004
  -3.4980857933931340E-004
  -3.4833867471404729E-004
  -3.4674850719115151E-004
  -3.4503787046474724E-004
  -3.4320643214236527E-004
  -3.4125371801882324E-004
  -3.3917900675001152E-004
  -3.3698134008414588E-004
  -3.3465964536937595E-004
  -3.3221276243699074E-004
  -3.2963933596645773E-004
  -3.2693777438319886E-004
  -3.2410635849624219E-004
  -3.2114331881049100E-004
  -3.1804675746297624E-004
  -3.1481456262784542E-004
  -3.1144447097621058E-004
  -3.0793417415509074E-004
  -3.0428129696016441E-004
  -3.0048330339531402E-004
  -2.9653750357430821E-004
  -2.9244115071679273E-004
  -2.8819146965165739E-004
  -2.8378559117472879E-004
  -2.7922052692304827E-004
  -2.7449323541131832E-004
  -2.6960067316599912E-004
  -2.6453976782991304E-004
  -2.5930739219667083E-004
  -2.5390040553311213E-004
  -2.4831570651816638E-004
  -2.4255023524476018E-004
  -2.3660096304436591E-004
  -2.3046492635284200E-004
  -2.2413927787285772E-004
  -2.1762130641810702E-004
  -2.1090844509577382E-004
  -2.0399831014943659E-004
  -1.9688875544245820E-004
  -1.8957790569245109E-004
  -1.8206418099339918E-004
  -1.7434634563756702E-004
  -1.6642357026497409E-004
  -1.5829547697398719E-004
  -1.4996217698207709E-004
  -1.4142432887186620E-004
  -1.3268320815139971E-004
  -1.2374076058120512E-004
  -1.1459964670247090E-004
  -1.0526330309160760E-004
  -9.5736012301428030E-005
  -8.6022954734847859E-005
  -7.6130247665506123E-005
  -6.6064995726500747E-005
  -5.5835346078415894E-005
  -4.5450521257737020E-005
  -3.4920832749403781E-005
  -2.4257699557225748E-005
  -1.3473666674763871E-005
  -2.5823957487134261E-006
   8.4013708490041794E-006
   1.9461846733696218E-005
   3.0582241281209848E-005
   4.1744830960313002E-005
   5.2931062453307322E-005
   6.4121658255749243E-005
   7.5296722412569102E-005
   8.6435875789049512E-005
   9.7518422943839020E-005
   1.0852351619987601E-004
   1.1943030799546441E-004
   1.3021812263711168E-004
   1.4086665368143281E-004
   1.5135614729577351E-004
   1.6166755435257420E-004
   1.7178268576362852E-004
   1.8168438635982159E-004
   1.9135668437762952E-004
   2.0078488885041378E-004
   2.0995567372519470E-004
   2.1885717962042789E-004
   2.2747909079122100E-004
   2.3581264533387411E-004
   2.4385061930382409E-004
   2.5158733765175064E-004
   2.5901867583587215E-004
   2.6614198998282620E-004
   2.7295600957984162E-004
   2.7946077181058022E-004
   2.8565757737703104E-004
   2.9154888062759085E-004
   2.9713812592187575E-004
   3.0242963479185032E-004
   3.0742855499930400E-004
   3.1214076137155329E-004
   3.1657267822271171E-004
   3.2073114321253991E-004
   3.2462337391297389E-004
   3.2825691971105658E-004
   3.3163950808749141E-004
   3.3477889619140411E-004
   3.3768285327891466E-004
   3.4035918134476780E-004
   3.4281561581276634E-004
   3.4505967043783821E-004
   3.4709861270962512E-004
   3.4893954418161973E-004
   3.5058937834467406E-004
   3.5205469218843138E-004
   3.5334166592250373E-004
   3.5445618846375487E-004
   3.5540392079865007E-004
   3.5619018256834899E-004
   3.5681984371981865E-004
   3.5729740593574890E-004
   3.5762713287939256E-004
   3.5781300430613261E-004
   3.5785857954315469E-004
   3.5776701709692174E-004
   3.5754122537343222E-004
   3.5718389390878571E-004
   3.5669736981062326E-004
   3.5608361506188981E-004
