  0.35534433125071702     
  0.35448104316147722     
  0.35349501476732192     
  0.35238717205141262     
  0.35115818646943681     
  0.34980857933931342     
  0.34833867471404728     
  0.34674850719115152     
  0.34503787046474721     
  0.34320643214236529     
  0.34125371801882320     
  0.33917900675001150     
  0.33698134008414588     
  0.33465964536937592     
  0.33221276243699072     
  0.32963933596645772     
  0.32693777438319888     
  0.32410635849624220     
  0.32114331881049102     
  0.31804675746297623     
  0.31481456262784541     
  0.31144447097621059     
  0.30793417415509072     
  0.30428129696016443     
  0.30048330339531398     
  0.29653750357430819     
  0.29244115071679272     
  0.28819146965165737     
  0.28378559117472879     
  0.27922052692304827     
  0.27449323541131831     
  0.26960067316599912     
  0.26453976782991301     
  0.25930739219667082     
  0.25390040553311211     
  0.24831570651816640     
  0.24255023524476019     
  0.23660096304436590     
  0.23046492635284199     
  0.22413927787285770     
  0.21762130641810701     
  0.21090844509577381     
  0.20399831014943659     
  0.19688875544245821     
  0.18957790569245109     
  0.18206418099339919     
  0.17434634563756701     
  0.16642357026497409     
  0.15829547697398719     
  0.14996217698207709     
  0.14142432887186621     
  0.13268320815139970     
  0.12374076058120510     
  0.11459964670247090     
  0.10526330309160760     
   9.5736012301428031E-002
   8.6022954734847862E-002
   7.6130247665506121E-002
   6.6064995726500750E-002
   5.5835346078415893E-002
   4.5450521257737020E-002
   3.4920832749403781E-002
   2.4257699557225749E-002
   1.3473666674763870E-002
   2.5823957487134258E-003
  -8.4013708490041795E-003
  -1.9461846733696220E-002
  -3.0582241281209850E-002
  -4.1744830960312999E-002
  -5.2931062453307323E-002
  -6.4121658255749239E-002
  -7.5296722412569100E-002
  -8.6435875789049516E-002
  -9.7518422943839014E-002
 -0.10852351619987601     
 -0.11943030799546440     
 -0.13021812263711169     
 -0.14086665368143281     
 -0.15135614729577351     
 -0.16166755435257421     
 -0.17178268576362851     
 -0.18168438635982159     
 -0.19135668437762951     
 -0.20078488885041379     
 -0.20995567372519469     
 -0.21885717962042789     
 -0.22747909079122100     
 -0.23581264533387411     
 -0.24385061930382410     
 -0.25158733765175062     
 -0.25901867583587213     
 -0.26614198998282618     
 -0.27295600957984162     
 -0.27946077181058021     
 -0.28565757737703101     
 -0.29154888062759082     
 -0.29713812592187572     
 -0.30242963479185031     
 -0.30742855499930399     
 -0.31214076137155328     
 -0.31657267822271168     
 -0.32073114321253993     
 -0.32462337391297391     
 -0.32825691971105658     
 -0.33163950808749137     
 -0.33477889619140411     
 -0.33768285327891467     
 -0.34035918134476778     
 -0.34281561581276632     
 -0.34505967043783820     
 -0.34709861270962511     
 -0.34893954418161971     
 -0.35058937834467407     
 -0.35205469218843138     
 -0.35334166592250371     
 -0.35445618846375487     
 -0.35540392079865007     
 -0.35619018256834900     
 -0.35681984371981862     
 -0.35729740593574888     
 -0.35762713287939257     
 -0.35781300430613261     
 -0.35785857954315470     
 -0.35776701709692171     
 -0.35754122537343219     
 -0.35718389390878569     
 -0.35669736981062328     
 -0.35608361506188979     
 -0.35534433125071702     
 -0.35448104316147722     
 -0.35349501476732192     
 -0.35238717205141262     
 -0.35115818646943681     
 -0.34980857933931342     
 -0.34833867471404728     
 -0.34674850719115152     
 -0.34503787046474721     
 -0.34320643214236529     
 -0.34125371801882320     
 -0.33917900675001150     
 -0.33698134008414588     
 -0.33465964536937592     
 -0.33221276243699072     
 -0.32963933596645772     
 -0.32693777438319888     
 -0.32410635849624220     
 -0.32114331881049102     
 -0.31804675746297623     
 -0.31481456262784541     
 -0.31144447097621059     
 -0.30793417415509072     
 -0.30428129696016443     
 -0.30048330339531398     
 -0.29653750357430819     
 -0.29244115071679272     
 -0.28819146965165737     
 -0.28378559117472879     
 -0.27922052692304827     
 -0.27449323541131831     
 -0.26960067316599912     
 -0.26453976782991301     
 -0.25930739219667082     
 -0.25390040553311211     
 -0.24831570651816640     
 -0.24255023524476019     
 -0.23660096304436590     
 -0.23046492635284199     
 -0.22413927787285770     
 -0.21762130641810701     
 -0.21090844509577381     
 -0.20399831014943659     
 -0.19688875544245821     
 -0.18957790569245109     
 -0.18206418099339919     
 -0.17434634563756701     
 -0.16642357026497409     
 -0.15829547697398719     
 -0.14996217698207709     
 -0.14142432887186621     
 -0.13268320815139970     
 -0.12374076058120510     
 -0.11459964670247090     
 -0.10526330309160760     
  -9.5736012301428031E-002
  -8.6022954734847862E-002
  -7.6130247665506121E-002
  -6.6064995726500750E-002
  -5.5835346078415893E-002
  -4.5450521257737020E-002
  -3.4920832749403781E-002
  -2.4257699557225749E-002
  -1.3473666674763870E-002
  -2.5823957487134258E-003
   8.4013708490041795E-003
   1.9461846733696220E-002
   3.0582241281209850E-002
   4.1744830960312999E-002
   5.2931062453307323E-002
   6.4121658255749239E-002
   7.5296722412569100E-002
   8.6435875789049516E-002
   9.7518422943839014E-002
  0.10852351619987601     
  0.11943030799546440     
  0.13021812263711169     
  0.14086665368143281     
  0.15135614729577351     
  0.16166755435257421     
  0.17178268576362851     
  0.18168438635982159     
  0.19135668437762951     
  0.20078488885041379     
  0.20995567372519469     
  0.21885717962042789     
  0.22747909079122100     
  0.23581264533387411     
  0.24385061930382410     
  0.25158733765175062     
  0.25901867583587213     
  0.26614198998282618     
  0.27295600957984162     
  0.27946077181058021     
  0.28565757737703101     
  0.29154888062759082     
  0.29713812592187572     
  0.30242963479185031     
  0.30742855499930399     
  0.31214076137155328     
  0.31657267822271168     
  0.32073114321253993     
  0.32462337391297391     
  0.32825691971105658     
  0.33163950808749137     
  0.33477889619140411     
  0.33768285327891467     
  0.34035918134476778     
  0.34281561581276632     
  0.34505967043783820     
  0.34709861270962511     
  0.34893954418161971     
  0.35058937834467407     
  0.35205469218843138     
  0.35334166592250371     
  0.35445618846375487     
  0.35540392079865007     
  0.35619018256834900     
  0.35681984371981862     
  0.35729740593574888     
  0.35762713287939257     
  0.35781300430613261     
  0.35785857954315470     
  0.35776701709692171     
  0.35754122537343219     
  0.35718389390878569     
  0.35669736981062328     
  0.35608361506188979     
