  0.1808113123748197    
  0.1825871839611768    
  0.1843900251543997    
  0.1862201929084832    
  0.1880780542740248    
  0.1899639867619167    
  0.1918783786200965    
  0.1938216291795843    
  0.1957941493317906    
  0.1977963619984841    
  0.1998287025341564    
  0.2018916191886857    
  0.2039855736969473    
  0.2061110418871774    
  0.2082685142440237    
  0.2104584965240557    
  0.2126815104960072    
  0.2149380947303209    
  0.2172288053694936    
  0.2195542169447212    
  0.2219149233178745    
  0.2243115387088919    
  0.2267446987348045    
  0.2292150614910388    
  0.2317233087620891    
  0.2342701473602993    
  0.2368563105124364    
  0.2394825592865001    
  0.2421496841552415    
  0.2448585067371339    
  0.2476098816258186    
  0.2504046982575028    
  0.2532438829228956    
  0.2561284010092543    
  0.2590592593706818    
  0.2620375087254621    
  0.2650642461956055    
  0.2681406181191450    
  0.2712678230108945    
  0.2744471145049704    
  0.2776798043943542    
  0.2809672659343772    
  0.2843109372400778    
  0.2877123245124914    
  0.2911730051805411    
  0.2946946311272334    
  0.2982789317242004    
  0.3019277162309562    
  0.3056428755304481    
  0.3094263832621526    
  0.3132802958092684    
  0.3172067503057312    
  0.3212079602676367    
  0.3252862084779469    
  0.3294438358647266    
  0.3336832245628072    
  0.3380067736660059    
  0.3424168659163578    
  0.3469158220818366    
  0.3515058385827072    
  0.3561889036710593    
  0.3609666862979423    
  0.3658403888585686    
  0.3708105521692442    
  0.3758767990160913    
  0.3810374990494924    
  0.3862893316418394    
  0.3916267170542899    
  0.3970410809509382    
  0.4025199104674628    
  0.4080455515711440    
  0.4135936925340383    
  0.4191314816019966    
  0.4246152406141930    
  0.4299877688268279    
  0.4351753007834520    
  0.4400843078130960    
  0.4445985282685364    
  0.4485768857287274    
  0.4518532936684181    
  0.4542396704216647    
  0.4555336201935929    
  0.4555319076734866    
  0.4540497974750167    
  0.4509444737108864    
  0.4461385091713539    
  0.4396377311188168    
  0.4315380484893744    
  0.4220183909287016    
  0.4113210156030789    
  0.3997241522729074    
  0.3875135491323946    
  0.3749585331865822    
  0.3622956715034443    
  0.3497204580204132    
  0.3373856391828811    
  0.3254040565173222    
  0.3138539552011760    
  0.3027851847943883    
  0.2922252803189956    
  0.2821848802913675    
  0.2726622628750312    
  0.2636469810732435    
  0.2551226841427952    
  0.2470692524727846    
  0.2394643760838608    
  0.2322846965382554    
  0.2255066164063307    
  0.2191068597492641    
  0.2130628467700272    
  0.2073529319369860    
  0.2019565450233786    
  0.1968542637579513    
  0.1920278373051963    
  0.1874601754129387    
  0.1831353158867932    
  0.1790383787992760    
  0.1751555116949371    
  0.1714738295018469    
  0.1679813533804001    
  0.1646669507471932    
  0.1615202764164975    
  0.1585317154110581    
  0.1556923292265470    
  0.1529938060548851    
  0.1504284138225501    
  0.1479889558074013    
  0.1456687299408700    
  0.1434614918620671    
  0.1413614204063792    
  0.1393630851638168    
  0.1374614170361474    
  0.1356516817789198    
  0.1339294552712018    
  0.1322906001841714    
  0.1307312449308074    
  0.1292477648908286    
  0.1278367647568041    
  0.1264950617350230    
  0.1252196704643046    
  0.1240077896689956    
  0.1228567894888945    
  0.1217641992746295    
  0.1207276966938420    
  0.1197450981825982    
  0.1188143497661539    
  0.1179335180796878    
  0.1171007824128459    
  0.1163144278243193    
  0.1155728384176969    
  0.1148744906402120    
  0.1142179474035195    
  0.1136018530793661    
  0.1130249285173267    
  0.1124859659689268    
  0.1119838246907609    
  0.1115174272825861    
  0.1110857559550927    
  0.1106878486284438    
  0.1103227956069643    
  0.1099897368868647    
  0.1096878593329541    
  0.1094163936379903    
  0.1091746117828834    
  0.1089618250542034    
  0.1087773818914702    
  0.1086206654874182    
  0.1084910918327686    
  0.1083881082607872    
  0.1083111917969925    
  0.1082598472445643    
  0.1082336056710130    
  0.1082320233498258    
  0.1082546804925156    
  0.1083011797073654    
  0.1083711448252490    
  0.1084642201445331    
  0.1085800694583165    
  0.1087183748048261    
  0.1088788355569865    
  0.1090611679014448    
  0.1092651040963670    
  0.1094903914524250    
  0.1097367916294148    
  0.1100040802971550    
  0.1102920465746281    
  0.1106004921946688    
  0.1109292309638071    
  0.1112780885644269    
  0.1116469021367272    
  0.1120355195901273    
  0.1124437991915532    
  0.1128716094764761    
  0.1133188289428176    
  0.1137853454792704    
  0.1142710560538921    
  0.1147758667077680    
  0.1152996923357797    
  0.1158424562075788    
  0.1164040897335566    
  0.1169845325197504    
  0.1175837322150980    
  0.1182016441053885    
  0.1188382309380447    
  0.1194934630210427    
  0.1201673181203355    
  0.1208597811111102    
  0.1215708438466663    
  0.1223005052878028    
  0.1230487714377231    
  0.1238156550385264    
  0.1246011754729329    
  0.1254053589139078    
  0.1262282382876340    
  0.1270698530063911    
  0.1279302488949757    
  0.1288094783532880    
  0.1297076003408617    
  0.1306246801401553    
  0.1315607893022386    
  0.1325160058176467    
  0.1334904141184884    
  0.1344841048686561    
  0.1354971749256933    
  0.1365297275174274    
  0.1375818722598410    
  0.1386537249728297    
  0.1397454076571583    
  0.1408570486762531    
  0.1419887827898684    
  0.1431407509958408    
  0.1443131005227417    
  0.1455059850178089    
  0.1467195645980423    
  0.1479540057200093    
  0.1492094811903154    
  0.1504861703620872    
  0.1517842592066083    
  0.1531039402147347    
  0.1544454124287342    
  0.1558088816511281    
  0.1571945605414465    
  0.1586026685543561    
  0.1600334319979246    
  0.1614870842601182    
  0.1629638659368770    
  0.1644640248137845    
  0.1659878159575348    
  0.1675355019671452    
  0.1691073531414940    
  0.1707036475134652    
  0.1723246709835288    
  0.1739707176049395    
  0.1756420898013454    
  0.1773390984650338    
  0.1790620631443010    
  0.1808113123748197    
  0.1825871839611768    
  0.1843900251543997    
  0.1862201929084832    
  0.1880780542740248    
  0.1899639867619167    
  0.1918783786200965    
  0.1938216291795843    
  0.1957941493317906    
  0.1977963619984841    
  0.1998287025341564    
  0.2018916191886857    
  0.2039855736969473    
  0.2061110418871774    
  0.2082685142440237    
  0.2104584965240557    
  0.2126815104960072    
  0.2149380947303209    
  0.2172288053694936    
  0.2195542169447212    
  0.2219149233178745    
  0.2243115387088919    
  0.2267446987348045    
  0.2292150614910388    
  0.2317233087620891    
  0.2342701473602993    
  0.2368563105124364    
  0.2394825592865001    
  0.2421496841552415    
  0.2448585067371339    
  0.2476098816258186    
  0.2504046982575028    
  0.2532438829228956    
  0.2561284010092543    
  0.2590592593706818    
  0.2620375087254621    
  0.2650642461956055    
  0.2681406181191450    
  0.2712678230108945    
  0.2744471145049704    
  0.2776798043943542    
  0.2809672659343772    
  0.2843109372400778    
  0.2877123245124914    
  0.2911730051805411    
  0.2946946311272334    
  0.2982789317242004    
  0.3019277162309562    
  0.3056428755304481    
  0.3094263832621526    
  0.3132802958092684    
  0.3172067503057312    
  0.3212079602676367    
  0.3252862084779469    
  0.3294438358647266    
  0.3336832245628072    
  0.3380067736660059    
  0.3424168659163578    
  0.3469158220818366    
  0.3515058385827072    
  0.3561889036710593    
  0.3609666862979423    
  0.3658403888585686    
  0.3708105521692442    
  0.3758767990160913    
  0.3810374990494924    
  0.3862893316418394    
  0.3916267170542899    
  0.3970410809509382    
  0.4025199104674628    
  0.4080455515711440    
  0.4135936925340383    
  0.4191314816019966    
  0.4246152406141930    
  0.4299877688268279    
  0.4351753007834520    
  0.4400843078130960    
  0.4445985282685364    
  0.4485768857287274    
  0.4518532936684181    
  0.4542396704216647    
  0.4555336201935929    
  0.4555319076734866    
  0.4540497974750167    
  0.4509444737108864    
  0.4461385091713539    
  0.4396377311188168    
  0.4315380484893744    
  0.4220183909287016    
  0.4113210156030789    
  0.3997241522729074    
  0.3875135491323946    
  0.3749585331865822    
  0.3622956715034443    
  0.3497204580204132    
  0.3373856391828811    
  0.3254040565173222    
  0.3138539552011760    
  0.3027851847943883    
  0.2922252803189956    
  0.2821848802913675    
  0.2726622628750312    
  0.2636469810732435    
  0.2551226841427952    
  0.2470692524727846    
  0.2394643760838608    
  0.2322846965382554    
  0.2255066164063307    
  0.2191068597492641    
  0.2130628467700272    
  0.2073529319369860    
  0.2019565450233786    
  0.1968542637579513    
  0.1920278373051963    
  0.1874601754129387    
  0.1831353158867932    
  0.1790383787992760    
  0.1751555116949371    
  0.1714738295018469    
  0.1679813533804001    
  0.1646669507471932    
  0.1615202764164975    
  0.1585317154110581    
  0.1556923292265470    
  0.1529938060548851    
  0.1504284138225501    
  0.1479889558074013    
  0.1456687299408700    
  0.1434614918620671    
  0.1413614204063792    
  0.1393630851638168    
  0.1374614170361474    
  0.1356516817789198    
  0.1339294552712018    
  0.1322906001841714    
  0.1307312449308074    
  0.1292477648908286    
  0.1278367647568041    
  0.1264950617350230    
  0.1252196704643046    
  0.1240077896689956    
  0.1228567894888945    
  0.1217641992746295    
  0.1207276966938420    
  0.1197450981825982    
  0.1188143497661539    
  0.1179335180796878    
  0.1171007824128459    
  0.1163144278243193    
  0.1155728384176969    
  0.1148744906402120    
  0.1142179474035195    
  0.1136018530793661    
  0.1130249285173267    
  0.1124859659689268    
  0.1119838246907609    
  0.1115174272825861    
  0.1110857559550927    
  0.1106878486284438    
  0.1103227956069643    
  0.1099897368868647    
  0.1096878593329541    
  0.1094163936379903    
  0.1091746117828834    
  0.1089618250542034    
  0.1087773818914702    
  0.1086206654874182    
  0.1084910918327686    
  0.1083881082607872    
  0.1083111917969925    
  0.1082598472445643    
  0.1082336056710130    
  0.1082320233498258    
  0.1082546804925156    
  0.1083011797073654    
  0.1083711448252490    
  0.1084642201445331    
  0.1085800694583165    
  0.1087183748048261    
  0.1088788355569865    
  0.1090611679014448    
  0.1092651040963670    
  0.1094903914524250    
  0.1097367916294148    
  0.1100040802971550    
  0.1102920465746281    
  0.1106004921946688    
  0.1109292309638071    
  0.1112780885644269    
  0.1116469021367272    
  0.1120355195901273    
  0.1124437991915532    
  0.1128716094764761    
  0.1133188289428176    
  0.1137853454792704    
  0.1142710560538921    
  0.1147758667077680    
  0.1152996923357797    
  0.1158424562075788    
  0.1164040897335566    
  0.1169845325197504    
  0.1175837322150980    
  0.1182016441053885    
  0.1188382309380447    
  0.1194934630210427    
  0.1201673181203355    
  0.1208597811111102    
  0.1215708438466663    
  0.1223005052878028    
  0.1230487714377231    
  0.1238156550385264    
  0.1246011754729329    
  0.1254053589139078    
  0.1262282382876340    
  0.1270698530063911    
  0.1279302488949757    
  0.1288094783532880    
  0.1297076003408617    
  0.1306246801401553    
  0.1315607893022386    
  0.1325160058176467    
  0.1334904141184884    
  0.1344841048686561    
  0.1354971749256933    
  0.1365297275174274    
  0.1375818722598410    
  0.1386537249728297    
  0.1397454076571583    
  0.1408570486762531    
  0.1419887827898684    
  0.1431407509958408    
  0.1443131005227417    
  0.1455059850178089    
  0.1467195645980423    
  0.1479540057200093    
  0.1492094811903154    
  0.1504861703620872    
  0.1517842592066083    
  0.1531039402147347    
  0.1544454124287342    
  0.1558088816511281    
  0.1571945605414465    
  0.1586026685543561    
  0.1600334319979246    
  0.1614870842601182    
  0.1629638659368770    
  0.1644640248137845    
  0.1659878159575348    
  0.1675355019671452    
  0.1691073531414940    
  0.1707036475134652    
  0.1723246709835288    
  0.1739707176049395    
  0.1756420898013454    
  0.1773390984650338    
  0.1790620631443010    
