   10.53312325613098    
   10.60161500705721    
   10.67202149030462    
   10.74441183998542    
   10.81886589666233    
   10.89546666246460    
   10.97429170158952    
   11.05542097978939    
   11.13894593274283    
   11.22496181915612    
   11.31355864012322    
   11.40482903100139    
   11.49887776932609    
   11.59581402917886    
   11.69574185856838    
   11.79876825034959    
   11.90501314784589    
   12.01460139822103    
   12.12765247282243    
   12.24428864794425    
   12.36464572228834    
   12.48886480405816    
   12.61708108464077    
   12.74943178409729    
   12.88606735933502    
   13.02714308723274    
   13.17280691575995    
   13.32320708275629    
   13.47850344240610    
   13.63885823430400    
   13.80442250582831    
   13.97534322448971    
   14.15177454231503    
   14.33386706991185    
   14.52175174358199    
   14.71554534620150    
   14.91536078531212    
   15.12129371405512    
   15.33340217946065    
   15.55170846112359    
   15.77620586761656    
   16.00683970038728    
   16.24347920853641    
   16.48591169834561    
   16.73384059861839    
   16.98685379545640    
   17.24437954974132    
   17.50566350796140    
   17.76974661468105    
   18.03540571098796    
   18.30107426775427    
   18.56477955241299    
   18.82407295697300    
   19.07590808041465    
   19.31648225106158    
   19.54107969769240    
   19.74388770042331    
   19.91772880942999    
   20.05371899690191    
   20.14088834872869    
   20.16572471933023    
   20.11156432948001    
   19.95782680713567    
   19.67912472837003    
   19.24419160052354    
   18.61452966466859    
   17.74276980416997    
   16.57079156947793    
   15.02757920654774    
   13.02678463485759    
   10.46415626969083    
   7.215193000307769    
   3.133497088595615    
  -1.949420316093960    
  -8.221514254604392    
  -15.88269935916084    
  -25.12987532743177    
  -36.13153477238492    
  -48.98915554525725    
  -63.68443095967064    
  -80.01619310982191    
  -97.53882034311987    
  -115.5234474704111    
  -132.9701426735441    
  -148.6957287993401    
  -161.5009688526442    
  -170.3851038065380    
  -174.7433242436434    
  -174.4777106263666    
  -169.9838490833735    
  -162.0268788103583    
  -151.5609846696788    
  -139.5546820502107    
  -126.8640960183766    
  -114.1669262223145    
  -101.9478517069451    
  -90.51711609713909    
  -80.04464123159073    
  -70.59703257370586    
  -62.17052048109421    
  -54.71721539320085    
  -48.16449009386010    
  -42.42836491404424    
  -37.42218654986191    
  -33.06193855765415    
  -29.26925903982105    
  -25.97289625560027    
  -23.10914034335203    
  -20.62167675778196    
  -18.46115344670741    
  -16.58458206715493    
  -14.95464343128398    
  -13.53899875913577    
  -12.30967576518664    
  -11.24251244872201    
  -10.31662850766738    
  -9.513952616689606    
  -8.818839830441787    
  -8.217751327772444    
  -7.698951935793427    
  -7.252236937842556    
  -6.868722365698019    
  -6.540681817393943    
  -6.261385249243075    
  -6.024942672419092    
  -5.826189520561646    
  -5.660608936709913    
  -5.524248765411590    
  -5.413628255545928    
  -5.325671622005216    
  -5.257674341144129    
  -5.207263154634587    
  -5.172337046600916    
  -5.151024390464987    
  -5.141671047591055    
  -5.142824630443038    
  -5.153195271378695    
  -5.171624229126827    
  -5.197082123477761    
  -5.228667193507766    
  -5.265578421413506    
  -5.307089796552263    
  -5.352552585107252    
  -5.401401736180901    
  -5.453137405263878    
  -5.507302246561061    
  -5.563484559280947    
  -5.621329277367854    
  -5.680525581885608    
  -5.740786172156669    
  -5.801849821392326    
  -5.863494708429196    
  -5.925530541463226    
  -5.987779385599366    
  -6.050077066581949    
  -6.112287474180929    
  -6.174298074005495    
  -6.236002138307725    
  -6.297298916348535    
  -6.358108087060285    
  -6.418367773465058    
  -6.478018042051040    
  -6.536999960102472    
  -6.595269782874355    
  -6.652798840366954    
  -6.709558162310795    
  -6.765516551538256    
  -6.820654285742511    
  -6.874964456452883    
  -6.928438643619584    
  -6.981064144076289    
  -7.032837025543692    
  -7.083764554364003    
  -7.133851866532876    
  -7.183098560533283    
  -7.231511069139099    
  -7.279105863402126    
  -7.325896989852874    
  -7.371892180508159    
  -7.417104586610415    
  -7.461556556898455    
  -7.505267916123662    
  -7.548251695200748    
  -7.590525292593616    
  -7.632114704369016    
  -7.673043450137151    
  -7.713327996333079    
  -7.752988394447177    
  -7.792052853399220    
  -7.830547215016271    
  -7.868490125927806    
  -7.905903221152539    
  -7.942815978274697    
  -7.979255662883689    
  -8.015242285136399    
  -8.050798393630178    
  -8.085954175091770    
  -8.120737792238112    
  -8.155170126700932    
  -8.189274234972691    
  -8.223080700695268    
  -8.256618334541889    
  -8.289908686824916    
  -8.322975145832672    
  -8.355848505864856    
  -8.388558036614189    
  -8.421125840828495    
  -8.453575642342784    
  -8.485938517618573    
  -8.518244259559024    
  -8.550515576943315    
  -8.582776602227238    
  -8.615058775955996    
  -8.647392491593116    
  -8.679801185378386    
  -8.712309617937283    
  -8.744949876510692    
  -8.777753216866103    
  -8.810744026984834    
  -8.843947934533993    
  -8.877397947937638    
  -8.911126465524408    
  -8.945159111517487    
  -8.979522714604634    
  -9.014251601981147    
  -9.049379730348395    
  -9.084934361929918    
  -9.120943937602007    
  -9.157444548298542    
  -9.194472170522536    
  -9.232056166210327    
  -9.270227073434468    
  -9.309023278447595    
  -9.348483341182357    
  -9.388639299315571    
  -9.429524386870467    
  -9.471179919002916    
  -9.513647692795784    
  -9.556963084946172    
  -9.601162717754939    
  -9.646291570231693    
  -9.692395435250200    
  -9.739513802326622    
  -9.787687504776192    
  -9.836966082296351    
  -9.887400263736630    
  -9.939034596151407    
  -9.991915087834437    
  -10.04609685658522    
  -10.10163662867086    
  -10.15858508631253    
  -10.21699452282019    
  -10.27692681886498    
  -10.33844596473254    
  -10.40161010265088    
  -10.46647918205450    
  -10.53312325613098    
  -10.60161500705721    
  -10.67202149030462    
  -10.74441183998542    
  -10.81886589666233    
  -10.89546666246460    
  -10.97429170158952    
  -11.05542097978939    
  -11.13894593274283    
  -11.22496181915612    
  -11.31355864012322    
  -11.40482903100139    
  -11.49887776932609    
  -11.59581402917886    
  -11.69574185856838    
  -11.79876825034959    
  -11.90501314784589    
  -12.01460139822103    
  -12.12765247282243    
  -12.24428864794425    
  -12.36464572228834    
  -12.48886480405816    
  -12.61708108464077    
  -12.74943178409729    
  -12.88606735933502    
  -13.02714308723274    
  -13.17280691575995    
  -13.32320708275629    
  -13.47850344240610    
  -13.63885823430400    
  -13.80442250582831    
  -13.97534322448971    
  -14.15177454231503    
  -14.33386706991185    
  -14.52175174358199    
  -14.71554534620150    
  -14.91536078531212    
  -15.12129371405512    
  -15.33340217946065    
  -15.55170846112359    
  -15.77620586761656    
  -16.00683970038728    
  -16.24347920853641    
  -16.48591169834561    
  -16.73384059861839    
  -16.98685379545640    
  -17.24437954974132    
  -17.50566350796140    
  -17.76974661468105    
  -18.03540571098796    
  -18.30107426775427    
  -18.56477955241299    
  -18.82407295697300    
  -19.07590808041465    
  -19.31648225106158    
  -19.54107969769240    
  -19.74388770042331    
  -19.91772880942999    
  -20.05371899690191    
  -20.14088834872869    
  -20.16572471933023    
  -20.11156432948001    
  -19.95782680713567    
  -19.67912472837003    
  -19.24419160052354    
  -18.61452966466859    
  -17.74276980416997    
  -16.57079156947793    
  -15.02757920654774    
  -13.02678463485759    
  -10.46415626969083    
  -7.215193000307769    
  -3.133497088595615    
   1.949420316093960    
   8.221514254604392    
   15.88269935916084    
   25.12987532743177    
   36.13153477238492    
   48.98915554525725    
   63.68443095967064    
   80.01619310982191    
   97.53882034311987    
   115.5234474704111    
   132.9701426735441    
   148.6957287993401    
   161.5009688526442    
   170.3851038065380    
   174.7433242436434    
   174.4777106263666    
   169.9838490833735    
   162.0268788103583    
   151.5609846696788    
   139.5546820502107    
   126.8640960183766    
   114.1669262223145    
   101.9478517069451    
   90.51711609713909    
   80.04464123159073    
   70.59703257370586    
   62.17052048109421    
   54.71721539320085    
   48.16449009386010    
   42.42836491404424    
   37.42218654986191    
   33.06193855765415    
   29.26925903982105    
   25.97289625560027    
   23.10914034335203    
   20.62167675778196    
   18.46115344670741    
   16.58458206715493    
   14.95464343128398    
   13.53899875913577    
   12.30967576518664    
   11.24251244872201    
   10.31662850766738    
   9.513952616689606    
   8.818839830441787    
   8.217751327772444    
   7.698951935793427    
   7.252236937842556    
   6.868722365698019    
   6.540681817393943    
   6.261385249243075    
   6.024942672419092    
   5.826189520561646    
   5.660608936709913    
   5.524248765411590    
   5.413628255545928    
   5.325671622005216    
   5.257674341144129    
   5.207263154634587    
   5.172337046600916    
   5.151024390464987    
   5.141671047591055    
   5.142824630443038    
   5.153195271378695    
   5.171624229126827    
   5.197082123477761    
   5.228667193507766    
   5.265578421413506    
   5.307089796552263    
   5.352552585107252    
   5.401401736180901    
   5.453137405263878    
   5.507302246561061    
   5.563484559280947    
   5.621329277367854    
   5.680525581885608    
   5.740786172156669    
   5.801849821392326    
   5.863494708429196    
   5.925530541463226    
   5.987779385599366    
   6.050077066581949    
   6.112287474180929    
   6.174298074005495    
   6.236002138307725    
   6.297298916348535    
   6.358108087060285    
   6.418367773465058    
   6.478018042051040    
   6.536999960102472    
   6.595269782874355    
   6.652798840366954    
   6.709558162310795    
   6.765516551538256    
   6.820654285742511    
   6.874964456452883    
   6.928438643619584    
   6.981064144076289    
   7.032837025543692    
   7.083764554364003    
   7.133851866532876    
   7.183098560533283    
   7.231511069139099    
   7.279105863402126    
   7.325896989852874    
   7.371892180508159    
   7.417104586610415    
   7.461556556898455    
   7.505267916123662    
   7.548251695200748    
   7.590525292593616    
   7.632114704369016    
   7.673043450137151    
   7.713327996333079    
   7.752988394447177    
   7.792052853399220    
   7.830547215016271    
   7.868490125927806    
   7.905903221152539    
   7.942815978274697    
   7.979255662883689    
   8.015242285136399    
   8.050798393630178    
   8.085954175091770    
   8.120737792238112    
   8.155170126700932    
   8.189274234972691    
   8.223080700695268    
   8.256618334541889    
   8.289908686824916    
   8.322975145832672    
   8.355848505864856    
   8.388558036614189    
   8.421125840828495    
   8.453575642342784    
   8.485938517618573    
   8.518244259559024    
   8.550515576943315    
   8.582776602227238    
   8.615058775955996    
   8.647392491593116    
   8.679801185378386    
   8.712309617937283    
   8.744949876510692    
   8.777753216866103    
   8.810744026984834    
   8.843947934533993    
   8.877397947937638    
   8.911126465524408    
   8.945159111517487    
   8.979522714604634    
   9.014251601981147    
   9.049379730348395    
   9.084934361929918    
   9.120943937602007    
   9.157444548298542    
   9.194472170522536    
   9.232056166210327    
   9.270227073434468    
   9.309023278447595    
   9.348483341182357    
   9.388639299315571    
   9.429524386870467    
   9.471179919002916    
   9.513647692795784    
   9.556963084946172    
   9.601162717754939    
   9.646291570231693    
   9.692395435250200    
   9.739513802326622    
   9.787687504776192    
   9.836966082296351    
   9.887400263736630    
   9.939034596151407    
   9.991915087834437    
   10.04609685658522    
   10.10163662867086    
   10.15858508631253    
   10.21699452282019    
   10.27692681886498    
   10.33844596473254    
   10.40161010265088    
   10.46647918205450    
