  0.5709367612211085    
  0.5717286762326479    
  0.5724682481933260    
  0.5731564053405078    
  0.5737940275296961    
  0.5743819467330746    
  0.5749209475784086    
  0.5754117679321110    
  0.5758550995266927    
  0.5762515886223898    
  0.5766018366928750    
  0.5769064011339026    
  0.5771657959974791    
  0.5773804927487689    
  0.5775509210375177    
  0.5776774694779219    
  0.5777604864376210    
  0.5778002808386232    
  0.5777971229671106    
  0.5777512452836989    
  0.5776628432303038    
  0.5775320760384348    
  0.5773590675420630    
  0.5771439069877997    
  0.5768866498339141    
  0.5765873185413365    
  0.5762459033646803    
  0.5758623631400043    
  0.5754366260580951    
  0.5749685904224527    
  0.5744581254021656    
  0.5739050717814986    
  0.5733092426949605    
  0.5726704243426705    
  0.5719883766955490    
  0.5712628341966942    
  0.5704935064500029    
  0.5696800788876051    
  0.5688222134230659    
  0.5679195490995727    
  0.5669717027276608    
  0.5659782695024900    
  0.5649388236043178    
  0.5638529187924197    
  0.5627200889905655    
  0.5615398488541363    
  0.5603116943194969    
  0.5590351031454798    
  0.5577095354480833    
  0.5563344342196047    
  0.5549092258305939    
  0.5534333205233944    
  0.5519061129005486    
  0.5503269824009298    
  0.5486952937604930    
  0.5470103974649014    
  0.5452716301986038    
  0.5434783152848849    
  0.5416297631130707    
  0.5397252715590545    
  0.5377641264048412    
  0.5357456017533412    
  0.5336689604341545    
  0.5315334544050779    
  0.5293383251551973    
  0.5270828041068345    
  0.5247661130120913    
  0.5223874643486721    
  0.5199460617223672    
  0.5174411002750807    
  0.5148717670932943    
  0.5122372416193874    
  0.5095366960725687    
  0.5067692958796973    
  0.5039342001129974    
  0.5010305619394133    
  0.4980575290895863    
  0.4950142443439801    
  0.4918998460276800    
  0.4887134685182425    
  0.4854542427829387    
  0.4821212969503301    
  0.4787137569028509    
  0.4752307468833936    
  0.4716713901312073    
  0.4680348095640824    
  0.4643201285014517    
  0.4605264714139792    
  0.4566529647042321    
  0.4526987375378808    
  0.4486629227312935    
  0.4445446576838568    
  0.4403430853512627    
  0.4360573552741305    
  0.4316866246734182    
  0.4272300596072401    
  0.4226868361829625    
  0.4180561418334114    
  0.4133371766691518    
  0.4085291549060349    
  0.4036313063624360    
  0.3986428780314805    
  0.3935631357389480    
  0.3883913658882517    
  0.3831268772878580    
  0.3777690030642253    
  0.3723171026691942    
  0.3667705639838570    
  0.3611288055146291    
  0.3553912786828834    
  0.3495574702151363    
  0.3436269046352757    
  0.3375991468540245    
  0.3314738048550566    
  0.3252505324824680    
  0.3189290323297247    
  0.3125090587238764    
  0.3059904208019641    
  0.2993729856813861    
  0.2926566817218545    
  0.2858415018703166    
  0.2789275070825987    
  0.2719148298199887    
  0.2648036776150910    
  0.2575943366948691    
  0.2502871756505122    
  0.2428826491478349    
  0.2353813016681834    
  0.2277837712635030    
  0.2200907933106354    
  0.2123032042535649    
  0.2044219453185027    
  0.1964480661801939    
  0.1883827285593646    
  0.1802272097351205    
  0.1719829059521567    
  0.1636513356959248    
  0.1552341428104274    
  0.1467330994378034    
  0.1381501087554191    
  0.1294872074795034    
  0.1207465681061271    
  0.1119305008655227    
  0.1030414553629303    
  0.9408202187286382E-01
  0.8505493225618570E-01
  0.7596306047588350E-01
  0.6680942268573160E-01
  0.5759717686018579E-01
  0.4832962193720425E-01
  0.3901019645383738E-01
  0.2964247665418360E-01
  0.2023017404436584E-01
  0.1077713237359873E-01
  0.1287324030402100E-02
 -0.8235154155555414E-02
 -0.1778608571959141E-01
 -0.2736113998435558E-01
 -0.3695587809494107E-01
 -0.4656575966037240E-01
 -0.5618614999834862E-01
 -0.6581232797388112E-01
 -0.7543949440961815E-01
 -0.8506278104207644E-01
 -0.9467726000150933E-01
 -0.1042779537863616    
 -0.1138598456891240    
 -0.1234178906270677    
 -0.1329470263369310    
 -0.1424421848872288    
 -0.1518983044469474    
 -0.1613103412459015    
 -0.1706732816704276    
 -0.1799821544360908    
 -0.1892320427654016    
 -0.1984180964957925    
 -0.2075355440543752    
 -0.2165797042376478    
 -0.2255459977225130    
 -0.2344299582337715    
 -0.2432272433084659    
 -0.2519336446033487    
 -0.2605450976812891    
 -0.2690576912117717    
 -0.2774676755394081    
 -0.2857714705851902    
 -0.2939656730361363    
 -0.3020470627773224    
 -0.3100126085409998    
 -0.3178594727626051    
 -0.3255850156252489    
 -0.3331867982700067    
 -0.3406625851701756    
 -0.3480103456864839    
 -0.3552282548126203    
 -0.3623146931114828    
 -0.3692682458608310    
 -0.3760877014486809    
 -0.3827720490523987    
 -0.3893204756213350    
 -0.3957323621958536    
 -0.4020072796185228    
 -0.4081449836889229    
 -0.4141454097947752    
 -0.4200086670583437    
 -0.4257350320597438    
 -0.4313249421975688    
 -0.4367789887254491    
 -0.4420979095017568    
 -0.4472825815103987    
 -0.4523340132136176    
 -0.4572533367757257    
 -0.4620418001881151    
 -0.4667007593425375    
 -0.4712316701066107    
 -0.4756360804366073    
 -0.4799156225489928    
 -0.4840720051831272    
 -0.4881070059969735    
 -0.4920224641241842    
 -0.4958202729058237    
 -0.4995023728148049    
 -0.5030707446001322    
 -0.5065274026705205    
 -0.5098743887242549    
 -0.5131137656324081    
 -0.5162476115883144    
 -0.5192780145326323    
 -0.5222070668559344    
 -0.5250368603798539    
 -0.5277694816188497    
 -0.5304070073212626    
 -0.5329515002865161    
 -0.5354050054575180    
 -0.5377695462850358    
 -0.5400471213538333    
 -0.5422397012613244    
 -0.5443492257475073    
 -0.5463776010730378    
 -0.5483266976301475    
 -0.5501983477703206    
 -0.5519943438462643    
 -0.5537164364687458    
 -0.5553663329632689    
 -0.5569456960047360    
 -0.5584561424238088    
 -0.5598992421894099    
 -0.5612765175574334    
 -0.5625894423616122    
 -0.5638394414345910    
 -0.5650278901648140    
 -0.5661561141867458    
 -0.5672253891830304    
 -0.5682369407814262    
 -0.5691919445492710    
 -0.5700915260891339    
 -0.5709367612211085    
 -0.5717286762326479    
 -0.5724682481933260    
 -0.5731564053405078    
 -0.5737940275296961    
 -0.5743819467330746    
 -0.5749209475784086    
 -0.5754117679321110    
 -0.5758550995266927    
 -0.5762515886223898    
 -0.5766018366928750    
 -0.5769064011339026    
 -0.5771657959974791    
 -0.5773804927487689    
 -0.5775509210375177    
 -0.5776774694779219    
 -0.5777604864376210    
 -0.5778002808386232    
 -0.5777971229671106    
 -0.5777512452836989    
 -0.5776628432303038    
 -0.5775320760384348    
 -0.5773590675420630    
 -0.5771439069877997    
 -0.5768866498339141    
 -0.5765873185413365    
 -0.5762459033646803    
 -0.5758623631400043    
 -0.5754366260580951    
 -0.5749685904224527    
 -0.5744581254021656    
 -0.5739050717814986    
 -0.5733092426949605    
 -0.5726704243426705    
 -0.5719883766955490    
 -0.5712628341966942    
 -0.5704935064500029    
 -0.5696800788876051    
 -0.5688222134230659    
 -0.5679195490995727    
 -0.5669717027276608    
 -0.5659782695024900    
 -0.5649388236043178    
 -0.5638529187924197    
 -0.5627200889905655    
 -0.5615398488541363    
 -0.5603116943194969    
 -0.5590351031454798    
 -0.5577095354480833    
 -0.5563344342196047    
 -0.5549092258305939    
 -0.5534333205233944    
 -0.5519061129005486    
 -0.5503269824009298    
 -0.5486952937604930    
 -0.5470103974649014    
 -0.5452716301986038    
 -0.5434783152848849    
 -0.5416297631130707    
 -0.5397252715590545    
 -0.5377641264048412    
 -0.5357456017533412    
 -0.5336689604341545    
 -0.5315334544050779    
 -0.5293383251551973    
 -0.5270828041068345    
 -0.5247661130120913    
 -0.5223874643486721    
 -0.5199460617223672    
 -0.5174411002750807    
 -0.5148717670932943    
 -0.5122372416193874    
 -0.5095366960725687    
 -0.5067692958796973    
 -0.5039342001129974    
 -0.5010305619394133    
 -0.4980575290895863    
 -0.4950142443439801    
 -0.4918998460276800    
 -0.4887134685182425    
 -0.4854542427829387    
 -0.4821212969503301    
 -0.4787137569028509    
 -0.4752307468833936    
 -0.4716713901312073    
 -0.4680348095640824    
 -0.4643201285014517    
 -0.4605264714139792    
 -0.4566529647042321    
 -0.4526987375378808    
 -0.4486629227312935    
 -0.4445446576838568    
 -0.4403430853512627    
 -0.4360573552741305    
 -0.4316866246734182    
 -0.4272300596072401    
 -0.4226868361829625    
 -0.4180561418334114    
 -0.4133371766691518    
 -0.4085291549060349    
 -0.4036313063624360    
 -0.3986428780314805    
 -0.3935631357389480    
 -0.3883913658882517    
 -0.3831268772878580    
 -0.3777690030642253    
 -0.3723171026691942    
 -0.3667705639838570    
 -0.3611288055146291    
 -0.3553912786828834    
 -0.3495574702151363    
 -0.3436269046352757    
 -0.3375991468540245    
 -0.3314738048550566    
 -0.3252505324824680    
 -0.3189290323297247    
 -0.3125090587238764    
 -0.3059904208019641    
 -0.2993729856813861    
 -0.2926566817218545    
 -0.2858415018703166    
 -0.2789275070825987    
 -0.2719148298199887    
 -0.2648036776150910    
 -0.2575943366948691    
 -0.2502871756505122    
 -0.2428826491478349    
 -0.2353813016681834    
 -0.2277837712635030    
 -0.2200907933106354    
 -0.2123032042535649    
 -0.2044219453185027    
 -0.1964480661801939    
 -0.1883827285593646    
 -0.1802272097351205    
 -0.1719829059521567    
 -0.1636513356959248    
 -0.1552341428104274    
 -0.1467330994378034    
 -0.1381501087554191    
 -0.1294872074795034    
 -0.1207465681061271    
 -0.1119305008655227    
 -0.1030414553629303    
 -0.9408202187286382E-01
 -0.8505493225618570E-01
 -0.7596306047588350E-01
 -0.6680942268573160E-01
 -0.5759717686018579E-01
 -0.4832962193720425E-01
 -0.3901019645383738E-01
 -0.2964247665418360E-01
 -0.2023017404436584E-01
 -0.1077713237359873E-01
 -0.1287324030402100E-02
  0.8235154155555414E-02
  0.1778608571959141E-01
  0.2736113998435558E-01
  0.3695587809494107E-01
  0.4656575966037240E-01
  0.5618614999834862E-01
  0.6581232797388112E-01
  0.7543949440961815E-01
  0.8506278104207644E-01
  0.9467726000150933E-01
  0.1042779537863616    
  0.1138598456891240    
  0.1234178906270677    
  0.1329470263369310    
  0.1424421848872288    
  0.1518983044469474    
  0.1613103412459015    
  0.1706732816704276    
  0.1799821544360908    
  0.1892320427654016    
  0.1984180964957925    
  0.2075355440543752    
  0.2165797042376478    
  0.2255459977225130    
  0.2344299582337715    
  0.2432272433084659    
  0.2519336446033487    
  0.2605450976812891    
  0.2690576912117717    
  0.2774676755394081    
  0.2857714705851902    
  0.2939656730361363    
  0.3020470627773224    
  0.3100126085409998    
  0.3178594727626051    
  0.3255850156252489    
  0.3331867982700067    
  0.3406625851701756    
  0.3480103456864839    
  0.3552282548126203    
  0.3623146931114828    
  0.3692682458608310    
  0.3760877014486809    
  0.3827720490523987    
  0.3893204756213350    
  0.3957323621958536    
  0.4020072796185228    
  0.4081449836889229    
  0.4141454097947752    
  0.4200086670583437    
  0.4257350320597438    
  0.4313249421975688    
  0.4367789887254491    
  0.4420979095017568    
  0.4472825815103987    
  0.4523340132136176    
  0.4572533367757257    
  0.4620418001881151    
  0.4667007593425375    
  0.4712316701066107    
  0.4756360804366073    
  0.4799156225489928    
  0.4840720051831272    
  0.4881070059969735    
  0.4920224641241842    
  0.4958202729058237    
  0.4995023728148049    
  0.5030707446001322    
  0.5065274026705205    
  0.5098743887242549    
  0.5131137656324081    
  0.5162476115883144    
  0.5192780145326323    
  0.5222070668559344    
  0.5250368603798539    
  0.5277694816188497    
  0.5304070073212626    
  0.5329515002865161    
  0.5354050054575180    
  0.5377695462850358    
  0.5400471213538333    
  0.5422397012613244    
  0.5443492257475073    
  0.5463776010730378    
  0.5483266976301475    
  0.5501983477703206    
  0.5519943438462643    
  0.5537164364687458    
  0.5553663329632689    
  0.5569456960047360    
  0.5584561424238088    
  0.5598992421894099    
  0.5612765175574334    
  0.5625894423616122    
  0.5638394414345910    
  0.5650278901648140    
  0.5661561141867458    
  0.5672253891830304    
  0.5682369407814262    
  0.5691919445492710    
  0.5700915260891339    
